0,0
5.508, 2.4969
5.535, 2.5091
5.562, 2.5213
5.589, 2.5337
5.616, 2.5459
20.349, 2.5582
20.376, 2.5705
20.403, 2.5827
20.43, 2.595
20.457, 2.6072
20.484, 2.6194
20.511, 2.6317
20.538, 2.6439
20.565, 2.6562
20.592, 2.6684
20.619, 2.6806
20.646, 2.6928
20.673, 2.705
20.7, 2.7174
20.7269, 2.7296
20.754, 2.7418
20.781, 2.7541
20.808, 2.7663
20.835, 2.7786
20.862, 2.7908
20.889, 2.803
20.916, 2.8153
20.943, 2.8275
20.97, 2.8397
20.9969, 2.8519
21.024, 2.8641
21.051, 2.8765
21.078, 2.8887
21.105, 2.901
21.132, 2.9132
21.159, 2.9254
21.186, 2.9377
21.213, 2.9499
21.24, 2.9622
21.267, 2.9744
21.294, 2.9866
21.321, 2.9989
21.3479, 3.0111
21.375, 3.0234
21.402, 3.0356
21.429, 3.0478
36.1621, 3.0601
36.1891, 3.0724
36.2161, 3.0846
36.2431, 3.0969
36.2701, 3.1091
36.2971, 3.1213
36.3241, 3.1336
36.3511, 3.1458
36.378, 3.1581
36.4051, 3.1703
51.1381, 3.1826
51.1651, 3.1948
51.1921, 3.2071
51.2191, 3.2193
51.2461, 3.2316
51.2731, 3.2438
51.3001, 3.256
51.3271, 3.2683
51.3541, 3.2805
51.3811, 3.2928
51.4081, 3.305
66.1411, 3.3173
66.1681, 3.3296
66.1951, 3.3418
66.2221, 3.354
66.249, 3.3663
66.2761, 3.3785
66.3031, 3.3908
66.3301, 3.403
81.0632, 3.4153
81.0902, 3.4275
81.1172, 3.4398
81.1442, 3.452
81.1712, 3.4643
81.1982, 3.4765
95.9312, 3.4888
95.9582, 3.5011
95.9851, 3.5133
96.0122, 3.5255
96.0392, 3.5377
96.0662, 3.55
96.0932, 3.5623
96.1202, 3.5745
110.8532, 3.5868
110.8801, 3.599
110.9072, 3.6113
110.9342, 3.6235
110.9612, 3.6358
110.9882, 3.648
111.0152, 3.6602
111.0422, 3.6724
125.7753, 3.6848
125.8023, 3.697
125.8293, 3.7093
125.8563, 3.7215
125.8833, 3.7337
125.9102, 3.746
125.9373, 3.7582
140.6703, 3.7705
140.6973, 3.7828
140.7243, 3.795
140.7513, 3.8073
140.7783, 3.8195
140.8053, 3.8317
140.8323, 3.8439
140.8593, 3.8561
155.5923, 3.8685
155.6193, 3.8808
155.6463, 3.893
155.6733, 3.9052
155.7003, 3.9175
155.7273, 3.9297
155.7543, 3.942
155.7812, 3.9542
170.5144, 3.9665
170.5413, 3.9788
170.5684, 3.991
170.5954, 4.0032
170.6223, 4.0155
170.6494, 4.0277
170.6764, 4.04
185.4094, 4.0523
185.4364, 4.0645
185.4634, 4.0767
185.4904, 4.089
185.5173, 4.1012
185.5444, 4.1135
200.2774, 4.1258
200.3044, 4.138
200.3314, 4.1502
200.3584, 4.1625
200.3854, 4.1747
200.4123, 4.187
200.4394, 4.1992
200.4664, 4.2114
200.4934, 4.2237
200.5204, 4.2359
215.2535, 4.2482
215.2805, 4.2605
215.3075, 4.2727
215.3345, 4.285
215.3615, 4.2972
215.3885, 4.3094
215.4155, 4.3216
230.1485, 4.334
230.1755, 4.3462
230.2025, 4.3585
230.2295, 4.3707
230.2565, 4.3829
244.9895, 4.3952
245.0165, 4.4075
245.0435, 4.4197
245.0705, 4.432
245.0975, 4.4442
245.1245, 4.4564
245.1515, 4.4687
245.1785, 4.4809
259.9116, 4.4932
259.9386, 4.5055
259.9656, 4.5177
259.9926, 4.53
260.0196, 4.5422
260.0466, 4.5544
260.0735, 4.5667
260.1006, 4.5789
260.1276, 4.5912
274.8606, 4.6035
274.8876, 4.6157
274.9146, 4.6279
274.9416, 4.6402
274.9686, 4.6524
274.9956, 4.6646
289.7286, 4.677
289.7556, 4.6892
289.7826, 4.7015
289.8096, 4.7137
289.8366, 4.7259
289.8636, 4.7382
289.8906, 4.7504
289.9176, 4.7627
304.6505, 4.775
304.6776, 4.7872
304.7046, 4.7993
304.7316, 4.8117
304.7586, 4.8239
304.7856, 4.8362
304.8126, 4.8484
304.8396, 4.8606
304.8666, 4.8729
319.5997, 4.8852
319.6267, 4.8974
319.6537, 4.9097
319.6806, 4.9219
319.7077, 4.9341
319.7347, 4.9464
334.4677, 4.9586
334.4947, 4.9708
334.5217, 4.9832
334.5487, 4.9954
334.5756, 5.0077
334.6027, 5.0199
349.3357, 5.0322
349.3627, 5.0444
349.3897, 5.0567
349.4167, 5.0689
349.4437, 5.0812
349.4707, 5.0934
349.4977, 5.1056
349.5247, 5.1179
349.5516, 5.1301
349.5787, 5.1424
364.3118, 5.1547
364.3388, 5.1669
364.3658, 5.1792
364.3928, 5.1914
364.4198, 5.2036
364.4468, 5.2159
379.1798, 5.2282
379.2068, 5.2404
379.2338, 5.2527
379.2608, 5.2649
379.2878, 5.2771
379.3148, 5.2894
379.3418, 5.3016
394.0748, 5.3139
394.1018, 5.3262
394.1288, 5.3384
394.1558, 5.3506
394.1828, 5.3629
394.2098, 5.3751
394.2368, 5.3874
394.2638, 5.3996
408.9969, 5.4119
409.0239, 5.4242
409.0509, 5.4364
409.0779, 5.4485
409.1049, 5.4609
409.1319, 5.4731
409.1589, 5.4854
409.1859, 5.4976
423.9189, 5.5099
423.9459, 5.5221
423.9729, 5.5344
423.9999, 5.5466
424.0269, 5.5589
424.0539, 5.5711
424.0809, 5.5833
438.8138, 5.5956
438.8409, 5.6078
438.8679, 5.62
438.8949, 5.6324
438.9219, 5.6446
438.9489, 5.6568
438.9759, 5.6691
453.709, 5.6814
453.736, 5.6936
453.763, 5.7059
453.79, 5.7181
453.817, 5.7304
453.8439, 5.7426
453.871, 5.7548
453.898, 5.7671
453.925, 5.7793
468.658, 5.7915
468.685, 5.8039
468.712, 5.8161
468.7389, 5.8283
468.766, 5.8406
468.793, 5.8528
483.526, 5.8651
483.553, 5.8774
483.58, 5.8896
483.607, 5.9019
483.634, 5.9141
483.661, 5.9263
483.688, 5.9386
483.7149, 5.9508
498.4481, 5.963
498.4751, 5.9754
498.5021, 5.9876
498.5291, 5.9998
498.5561, 6.0121
498.5831, 6.0243
498.6101, 6.0366
498.6371, 6.0488
513.37, 6.0611
513.3971, 6.0733
513.4241, 6.0856
513.4511, 6.0977
513.4781, 6.1101
513.5051, 6.1223
513.5321, 6.1345
528.2651, 6.1469
528.2921, 6.1591
528.3191, 6.1713
528.3461, 6.1836
528.3731, 6.1958
528.4001, 6.2081
543.1332, 6.2204
543.1602, 6.2326
543.1872, 6.2448
543.2142, 6.257
543.2412, 6.2692
543.2682, 6.2816
543.2952, 6.2938
543.3222, 6.306
558.0552, 6.3184
558.0822, 6.3306
558.1092, 6.3428
558.1362, 6.3551
558.1632, 6.3673
558.1902, 6.3796
558.2172, 6.3918
558.2442, 6.404
572.9771, 6.4163
573.0042, 6.4285
573.0312, 6.4408
573.0582, 6.4531
573.0852, 6.4653
573.1122, 6.4775
573.1392, 6.4898
587.8721, 6.5021
587.8992, 6.5143
587.9262, 6.5266
587.9532, 6.5388
587.9802, 6.551
588.0072, 6.5633
588.0342, 6.5755
588.0612, 6.5878
602.7943, 6.6
602.8213, 6.6122
602.8483, 6.6246
602.8753, 6.6368
602.9022, 6.649
602.9293, 6.6613
602.9563, 6.6735
602.9832, 6.6858
617.7163, 6.6981
617.7433, 6.7103
617.7703, 6.7225
617.7973, 6.7348
617.8243, 6.7469
617.8513, 6.7593
632.5843, 6.7715
632.6113, 6.7838
632.6383, 6.796
632.6653, 6.8083
632.6923, 6.8205
632.7193, 6.8328
632.7463, 6.845
632.7732, 6.8572
647.5064, 6.8696
647.5333, 6.8818
647.5604, 6.894
647.5874, 6.9062
647.6143, 6.9184
647.6414, 6.9308
647.6684, 6.943
647.6954, 6.9552
662.4284, 6.9675
662.4554, 6.9798
662.4824, 6.992
662.5093, 7.0043
662.5364, 7.0165
662.5634, 7.0287
662.5904, 7.041
677.3234, 7.0533
677.3504, 7.0655
677.3774, 7.0778
677.4043, 7.09
677.4314, 7.1023
677.4584, 7.1145
677.4854, 7.1267
692.2185, 7.139
692.2455, 7.1513
692.2725, 7.1635
692.2995, 7.1758
692.3265, 7.188
692.3535, 7.2002
692.3805, 7.2125
692.4075, 7.2247
692.4344, 7.237
707.1675, 7.2493
707.1945, 7.2615
707.2215, 7.2737
707.2485, 7.286
707.2755, 7.2982
707.3025, 7.3105
707.3295, 7.3227
722.0625, 7.335
722.0895, 7.3473
722.1165, 7.3595
722.1435, 7.3717
722.1705, 7.384
722.1975, 7.3961
736.9306, 7.4085
736.9576, 7.4208
736.9846, 7.433
737.0116, 7.4452
737.0386, 7.4575
737.0656, 7.4697
737.0926, 7.482
737.1196, 7.4942
751.8526, 7.5065
751.8796, 7.5188
751.9066, 7.531
751.9336, 7.5432
751.9606, 7.5554
751.9876, 7.5676
752.0146, 7.58
752.0416, 7.5922
766.7746, 7.6045
766.8016, 7.6167
766.8286, 7.629
766.8556, 7.6412
766.8826, 7.6535
766.9096, 7.6657
781.6427, 7.678
781.6697, 7.6902
781.6966, 7.7025
781.7237, 7.7147
781.7507, 7.7269
781.7776, 7.7391
781.8047, 7.7513
781.8317, 7.7637
796.5647, 7.776
796.5917, 7.7882
796.6187, 7.8005
796.6457, 7.8127
796.6726, 7.825
796.6997, 7.8372
796.7267, 7.8494
796.7537, 7.8617
796.7807, 7.8739
811.5137, 7.8862
811.5407, 7.8984
811.5676, 7.9106
811.5947, 7.9229
811.6217, 7.9352
811.6487, 7.9474
826.3818, 7.9597
826.4088, 7.972
826.4358, 7.9842
826.4628, 7.9964
826.4898, 8.0087
826.5168, 8.0209
826.5438, 8.0332
826.5708, 8.0454
841.3038, 8.0577
841.3308, 8.07
841.3578, 8.0822
841.3848, 8.0944
841.4118, 8.1067
841.4388, 8.1189
841.4658, 8.1312
841.4928, 8.1434
856.2258, 8.1557
856.2528, 8.1679
856.2798, 8.1802
856.3068, 8.1924
856.3338, 8.2046
856.3608, 8.2169
856.3878, 8.2291
871.1209, 8.2415
871.1479, 8.2537
871.1749, 8.2659
871.2019, 8.2782
871.2288, 8.2904
871.2559, 8.3027
885.9889, 8.315
886.0159, 8.3272
886.0429, 8.3394
886.0699, 8.3517
886.0969, 8.3639
886.1239, 8.3761
886.1509, 8.3884
886.1779, 8.4006
886.2049, 8.4129
900.9379, 8.4252
900.9649, 8.4374
900.9919, 8.4497
901.0189, 8.4619
901.0459, 8.4741
901.0729, 8.4864
901.0999, 8.4986
915.8329, 8.5109
915.8599, 8.5232
915.8869, 8.5354
915.9139, 8.5476
915.9409, 8.5598
915.9679, 8.5721
915.9949, 8.5844
930.728, 8.5967
930.755, 8.6089
930.782, 8.6212
930.809, 8.6334
930.8359, 8.6456
930.863, 8.6579
930.89, 8.6701
930.917, 8.6824
945.65, 8.6947
945.677, 8.7069
945.704, 8.7191
945.7309, 8.7314
945.758, 8.7436
945.785, 8.7559
945.812, 8.7681
945.839, 8.7804
960.572, 8.7927
960.599, 8.8049
960.626, 8.8171
960.653, 8.8294
960.68, 8.8416
960.7069, 8.8538
960.734, 8.866
975.4671, 8.8784
975.4941, 8.8906
975.5211, 8.9029
975.5481, 8.9151
975.5751, 8.9274
975.6021, 8.9396
975.6291, 8.9518
990.362, 8.9642
990.3891, 8.9764
990.4161, 8.9886
990.4431, 9.0009
990.4701, 9.0131
990.4971, 9.0254
990.5241, 9.0376
990.5511, 9.0498
990.5781, 9.0621
1005.3111, 9.0744
1005.3381, 9.0866
1005.3651, 9.0989
1005.3921, 9.1111
1005.4191, 9.1233
1005.4461, 9.1356
1005.4731, 9.1478
1020.2062, 9.1601
1020.2332, 9.1724
1020.2602, 9.1846
1020.2872, 9.1968
1020.3142, 9.2091
1035.0472, 9.2214
1035.0742, 9.2336
1035.1012, 9.2459
1035.1282, 9.2581
1035.1552, 9.2704
1035.1822, 9.2826
1035.2092, 9.2948
1035.2362, 9.3071
1035.2631, 9.3193
1049.9962, 9.3316
1050.0232, 9.3439
1050.0502, 9.3561
1050.0772, 9.3683
1050.1042, 9.3806
1050.1312, 9.3928
1050.1582, 9.4051
1050.1852, 9.4173
1064.9183, 9.4296
1064.9453, 9.4419
1064.9723, 9.4541
1064.9992, 9.4663
1065.0263, 9.4786
1065.0533, 9.4908
1079.7863, 9.503
1079.8133, 9.5154
1079.8403, 9.5276
1079.8673, 9.5398
1079.8942, 9.5521
1079.9213, 9.5643
1079.9483, 9.5766
1079.9752, 9.5888
1094.7083, 9.6011
1094.7353, 9.6133
1094.7623, 9.6256
1094.7893, 9.6378
1094.8163, 9.6501
1094.8433, 9.6623
1094.8702, 9.6745
1094.8973, 9.6867
1109.6303, 9.6991
1109.6574, 9.7113
1109.6844, 9.7236
1109.7114, 9.7358
1109.7384, 9.7481
1109.7654, 9.7603
1109.7924, 9.7725
1124.5253, 9.7848
1124.5524, 9.7971
1124.5794, 9.8093
1124.6064, 9.8216
1124.6334, 9.8338
1124.6604, 9.846
1124.6874, 9.8582
1124.7144, 9.8705
1139.4474, 9.8828
1139.4744, 9.8951
1139.5013, 9.9073
1139.5284, 9.9196
1139.5554, 9.9318
1154.2885, 9.9441
1154.3155, 9.9563
1154.3425, 9.9686
1154.3695, 9.9808
1154.3965, 9.9931
1154.4235, 10.0053
1154.4505, 10.0175
1169.1835, 10.0298
1169.2105, 10.0421
1169.2375, 10.0543
1169.2645, 10.0666
1169.2915, 10.0788
1169.3185, 10.091
1169.3455, 10.1033
1169.3725, 10.1155
1169.3995, 10.1278
1184.1325, 10.1401
1184.1595, 10.1522
1184.1865, 10.1646
1184.2135, 10.1768
1184.2405, 10.189
1184.2675, 10.2013
1184.2945, 10.2135
1184.3215, 10.2258
1199.0545, 10.2381
1199.0815, 10.2503
1199.1085, 10.2625
1199.1355, 10.2748
1199.1625, 10.287
1199.1895, 10.2993
1213.9226, 10.3115
1213.9496, 10.3237
1213.9766, 10.336
1214.0036, 10.3483
1214.0306, 10.3605
1214.0576, 10.3728
1228.7906, 10.3851
1228.8176, 10.3973
1228.8446, 10.4096
1228.8716, 10.4218
1228.8986, 10.434
1228.9256, 10.4463
1228.9526, 10.4585
1243.6856, 10.4708
1243.7126, 10.483
1243.7396, 10.4953
1243.7666, 10.5074
1243.7936, 10.5198
1243.8206, 10.532
1243.8476, 10.5443
1258.5537, 10.5443
1273.2867, 10.5566
1273.3136, 10.5689
1273.3407, 10.5811
1273.3677, 10.5934
1273.3947, 10.6056
1273.4217, 10.6178
1273.4487, 10.6301
1273.4757, 10.6423
1273.5027, 10.6545
1273.5297, 10.6667
1273.5567, 10.679
1288.2897, 10.6913
1288.3167, 10.7036
1288.3437, 10.7158
1288.3707, 10.7281
1288.3977, 10.7403
1288.4247, 10.7525
1303.1578, 10.7649
1303.1848, 10.7771
1303.2118, 10.7893
1303.2388, 10.8016
1303.2658, 10.8138
1317.9988, 10.826
1318.0258, 10.8384
1318.0528, 10.8506
1318.0798, 10.8628
1318.1068, 10.8751
1318.1338, 10.8873
1332.8668, 10.8996
1332.8938, 10.9119
1332.9207, 10.9241
1332.9478, 10.9364
1332.9748, 10.9485
1333.0018, 10.9607
1333.0288, 10.9731
1347.7619, 10.9854
1347.7889, 10.9976
1362.4949, 10.9977
1362.5219, 11.0099
1362.5489, 11.0222
1362.5758, 11.0344
1362.6029, 11.0466
1362.6299, 11.0589
1362.6569, 11.0711
1362.6839, 11.0834
1377.4169, 11.0957
1377.4439, 11.1078
1377.4708, 11.1202
1377.4979, 11.1324
1377.5249, 11.1446
1377.5518, 11.1569
1377.5789, 11.1691
1392.312, 11.1814
1392.339, 11.1937
1392.366, 11.2059
1392.393, 11.2181
1392.42, 11.2304
1407.153, 11.2427
1407.18, 11.2549
1407.207, 11.2671
1407.234, 11.2793
1421.967, 11.2917
1421.994, 11.304
1422.021, 11.3162
1422.048, 11.3284
1422.075, 11.3407
1422.102, 11.3529
1422.129, 11.3652
1436.862, 11.3775
1436.8891, 11.3897
1436.9161, 11.4019
1436.9431, 11.4142
1436.9701, 11.4264
1436.9971, 11.4386
1451.7301, 11.451
1451.757, 11.4632
1451.7841, 11.4755
1451.8111, 11.4877
1451.838, 11.4999
1466.5711, 11.5122
1466.5981, 11.5245
1481.3041, 11.5245
1481.3311, 11.5368
1481.358, 11.549
1481.3851, 11.5613
1481.4121, 11.5735
1481.4391, 11.5857
1496.1722, 11.5981
1496.1992, 11.6103
1496.2262, 11.6225
1496.2532, 11.6348
1496.2802, 11.647
1496.3072, 11.6593
1496.3342, 11.6715
1496.3612, 11.6837
1496.3881, 11.696
1496.4152, 11.7082
1496.4422, 11.7205
1496.4692, 11.7327
1496.4962, 11.7449
1511.2292, 11.7572
1511.2562, 11.7694
1511.2832, 11.7816
1511.3102, 11.794
1511.3372, 11.8062
1511.3642, 11.8184
1526.0972, 11.8308
1526.1242, 11.843
1526.1512, 11.8552
1526.1782, 11.8675
1526.2052, 11.8797
1526.2322, 11.892
1526.2591, 11.9042
1526.2862, 11.9163
1526.3132, 11.9287
1526.3402, 11.9409
1541.0733, 11.9532
1541.1003, 11.9655
1541.1273, 11.9777
1541.1543, 11.9899
1541.1813, 12.0022
1541.2083, 12.0144
1541.2353, 12.0267
1555.9683, 12.039
1555.9952, 12.0512
1570.7013, 12.0513
1570.7283, 12.0635
1570.7553, 12.0758
1570.7823, 12.088
1570.8093, 12.1002
1570.8363, 12.1125
1585.5694, 12.1248
1585.5964, 12.137
1585.6234, 12.1493
1585.6503, 12.1615
1585.6774, 12.1737
1585.7044, 12.186
1585.7314, 12.1982
1585.7584, 12.2105
1585.7854, 12.2227
1585.8124, 12.2349
1585.8394, 12.2472
1585.8664, 12.2594
1585.8934, 12.2717
1600.6263, 12.284
1600.6534, 12.2962
1600.6804, 12.3084
1600.7074, 12.3207
1600.7344, 12.3329
1600.7614, 12.3452
1615.4944, 12.3575
1615.5213, 12.3697
1615.5484, 12.382
1615.5754, 12.3942
1615.6024, 12.4064
1615.6294, 12.4187
1615.6564, 12.4309
1630.3895, 12.4432
1630.4165, 12.4555
1630.4435, 12.4677
1630.4705, 12.4799
1630.4975, 12.4922
1630.5245, 12.5044
1630.5514, 12.5167
1630.5785, 12.5289
1630.6055, 12.5411
1630.6324, 12.5534
1645.3655, 12.5657
1660.0985, 12.5779
1660.1255, 12.5901
1660.1525, 12.6025
1660.1795, 12.6147
1660.2065, 12.627
1660.2335, 12.6392
1660.2605, 12.6514
1660.2875, 12.6637
1674.9936, 12.6637
1675.0206, 12.676
1675.0476, 12.6882
1675.0746, 12.7005
1675.1016, 12.7127
1675.1286, 12.7248
1675.1556, 12.7372
1675.1826, 12.7494
1675.2096, 12.7617
1675.2366, 12.7739
1675.2636, 12.7861
1675.2906, 12.7984
1675.3176, 12.8106
1675.3446, 12.8229
1675.3716, 12.8351
1675.3986, 12.8473
1675.4256, 12.8596
1675.4526, 12.8718
1675.4796, 12.8841
1675.5066, 12.8963
1675.5335, 12.9085
1675.5606, 12.9207
1675.5876, 12.933
1675.6146, 12.9453
1675.6416, 12.9575
1675.6686, 12.9697
1675.6956, 12.982
1675.7226, 12.9942
1675.7496, 13.0065
1675.7766, 13.0187
1675.8035, 13.0309
1675.8306, 13.0432
1675.8576, 13.0554
1675.8846, 13.0677
1675.9116, 13.0799
1675.9386, 13.0921
1690.6716, 13.1045
1690.6985, 13.1167
1690.7256, 13.1289
1690.7526, 13.1412
1690.7795, 13.1534
1690.8066, 13.1657
1690.8336, 13.1779
1690.8606, 13.1901
1690.8876, 13.2024
1690.9146, 13.2146
1690.9416, 13.2269
1690.9686, 13.2391
1690.9956, 13.2513
1691.0226, 13.2636
1691.0496, 13.2758
1691.0766, 13.2881
1691.1036, 13.3003
1691.1306, 13.3125
1691.1576, 13.3248
1691.1846, 13.337
1691.2116, 13.3493
1691.2386, 13.3615
1691.2656, 13.3737
1691.2926, 13.386
1691.3195, 13.3982
1691.3466, 13.4104
1691.3736, 13.4227
1691.4006, 13.4349
1691.4276, 13.4472
1691.4546, 13.4594
1691.4816, 13.4717
1691.5086, 13.4839
1691.5356, 13.4961
1691.5626, 13.5084
1691.5896, 13.5206
1691.6166, 13.5329
1691.6436, 13.5451
1691.6705, 13.5573
1691.6976, 13.5695
1691.7246, 13.5817
1691.7516, 13.5941
1691.7786, 13.6063
1691.8056, 13.6185
1691.8326, 13.6308
1706.5655, 13.6431
1706.5926, 13.6553
1706.6196, 13.6676
1706.6465, 13.6798
1706.6736, 13.692
1706.7006, 13.7043
1706.7276, 13.7165
1706.7546, 13.7288
1706.7816, 13.741
1721.4877, 13.741
1721.5147, 13.7532
1721.5417, 13.7656
1721.5687, 13.7778
1721.5957, 13.79
1721.6227, 13.8023
1721.6497, 13.8145
1721.6766, 13.8268
1721.7037, 13.839
1721.7307, 13.8512
1721.7577, 13.8635
1721.7847, 13.8757
1721.8117, 13.888
1721.8387, 13.9002
1721.8657, 13.9123
1721.8927, 13.9247
1721.9197, 13.9369
1721.9466, 13.9492
1721.9737, 13.9614
1722.0007, 13.9736
1722.0277, 13.9859
1722.0547, 13.9981
1722.0817, 14.0104
1722.1087, 14.0226
1722.1357, 14.0348
1722.1627, 14.0471
1722.1897, 14.0593
1722.2167, 14.0716
1722.2437, 14.0838
1722.2707, 14.096
1722.2977, 14.1083
1722.3247, 14.1205
1722.3517, 14.1328
1722.3787, 14.145
1722.4057, 14.1572
1737.1387, 14.1695
1737.1657, 14.1818
1737.1927, 14.194
1737.2197, 14.2063
1737.2467, 14.2185
1737.2737, 14.2307
1737.3007, 14.2429
1737.3277, 14.2551
1737.3547, 14.2675
1737.3817, 14.2797
1737.4087, 14.2919
1737.4357, 14.3042
1737.4627, 14.3164
1737.4897, 14.3287
1737.5167, 14.3409
1737.5436, 14.3531
1737.5707, 14.3654
1737.5977, 14.3776
1737.6247, 14.3899
1737.6517, 14.4021
1737.6787, 14.4143
1737.7057, 14.4266
1737.7327, 14.4388
1737.7597, 14.4511
1737.7867, 14.4633
1737.8136, 14.4755
1737.8407, 14.4878
1737.8677, 14.5
1737.8947, 14.5123
1737.9217, 14.5245
1737.9487, 14.5367
1737.9757, 14.549
1738.0027, 14.5612
1738.0297, 14.5735
1738.0567, 14.5857
1738.0836, 14.5979
1738.1107, 14.6101
1738.1377, 14.6223
1738.1647, 14.6347
1738.1917, 14.6469
1738.2187, 14.6591
1738.2457, 14.6714
1752.9787, 14.6837
1753.0057, 14.6959
1753.0327, 14.7082
1753.0597, 14.7204
1753.0867, 14.7326
1753.1137, 14.7449
1753.1407, 14.757
1753.1677, 14.7694
1753.1947, 14.7816
1753.2217, 14.7938
1753.2487, 14.8061
1753.2757, 14.8183
1753.3027, 14.8306
1753.3296, 14.8428
1753.3567, 14.855
1753.3837, 14.8673
1753.4107, 14.8795
1753.4377, 14.8918
1753.4647, 14.904
1753.4917, 14.9162
1753.5187, 14.9285
1753.5457, 14.9407
1753.5727, 14.9529
1753.5997, 14.9651
1753.6267, 14.9774
1753.6537, 14.9897
1753.6806, 15.0019
1753.7077, 15.0142
1753.7347, 15.0264
1753.7617, 15.0386
1753.7887, 15.0509
1753.8157, 15.0631
1753.8427, 15.0754
1753.8697, 15.0876
1753.8967, 15.0998
1753.9237, 15.1121
1753.9506, 15.1243
1753.9777, 15.1366
1754.0047, 15.1488
1754.0317, 15.161
1754.0587, 15.1733
1754.0857, 15.1855
1754.1127, 15.1978
1754.1397, 15.21
1754.1667, 15.2222
1754.1937, 15.2345
1754.2207, 15.2467
1754.2477, 15.259
1754.2747, 15.2711
1754.3017, 15.2833
1754.3287, 15.2957
1754.3557, 15.3079
1754.3827, 15.3202
1754.4097, 15.3324
1754.4367, 15.3447
1754.4637, 15.3569
1754.4907, 15.3691
1754.5177, 15.3814
1754.5447, 15.3936
1754.5716, 15.4059
1754.5987, 15.4181
1754.6257, 15.4303
1754.6526, 15.4426
1754.6797, 15.4548
1754.7067, 15.4671
1754.7337, 15.4793
1754.7607, 15.4915
1754.7877, 15.5038
1754.8147, 15.516
1754.8417, 15.5283
1754.8687, 15.5405
1754.8957, 15.5527
1754.9226, 15.565
1754.9497, 15.5772
1754.9767, 15.5895
1755.0037, 15.6017
1755.0307, 15.6139
1755.0577, 15.6261
1755.0847, 15.6383
1755.1117, 15.6507
1755.1387, 15.6629
1755.1657, 15.6751
1755.1927, 15.6874
1755.2197, 15.6996
1755.2467, 15.7119
1755.2737, 15.7241
1755.3007, 15.7363
1755.3277, 15.7486
1755.3547, 15.7608
1755.3817, 15.7731
1755.4087, 15.7852
1755.4357, 15.7974
1755.4627, 15.8098
1755.4897, 15.822
1755.5167, 15.8343
1755.5436, 15.8465
1755.5707, 15.8587
1755.5977, 15.871
1755.6247, 15.8832
1755.6517, 15.8955
1755.6787, 15.9077
1755.7057, 15.9199
1755.7327, 15.9322
1755.7597, 15.9444
1755.7867, 15.9567
1755.8136, 15.9689
1755.8407, 15.9811
1755.8677, 15.9933
1755.8947, 16.0056
1755.9217, 16.0179
1755.9487, 16.0301
1755.9757, 16.0423
1756.0027, 16.0546
1756.0297, 16.0668
1756.0567, 16.0791
1756.0836, 16.0913
1756.1107, 16.1035
1756.1377, 16.1158
1756.1647, 16.128
1756.1917, 16.1403
1756.2187, 16.1525
1756.2457, 16.1647
1756.2727, 16.177
1756.2997, 16.1892
1756.3267, 16.2015
1756.3537, 16.2137
1756.3807, 16.2259
1756.4077, 16.2382
1756.4346, 16.2504
1756.4617, 16.2627
1756.4887, 16.2749
1756.5157, 16.2871
1756.5427, 16.2993
1756.5697, 16.3115
1756.5967, 16.3239
1756.6237, 16.3361
1756.6507, 16.3483
1756.6777, 16.3606
1756.7046, 16.3728
1756.7317, 16.3851
1756.7587, 16.3973
1756.7856, 16.4095
1756.8127, 16.4218
1756.8397, 16.434
1756.8667, 16.4463
1756.8937, 16.4585
1756.9207, 16.4707
1756.9477, 16.483
1756.9747, 16.4952
1757.0017, 16.5074
1757.0287, 16.5197
1757.0557, 16.5319
1757.0827, 16.5442
1757.1097, 16.5564
1757.1367, 16.5687
1757.1637, 16.5809
1757.1907, 16.5931
1757.2177, 16.6054
1757.2447, 16.6176
1757.2717, 16.6299
1757.2987, 16.6421
1757.3256, 16.6543
1757.3527, 16.6665
1757.3797, 16.6787
1757.4067, 16.6911
1757.4337, 16.7033
1757.4607, 16.7155
1757.4877, 16.7278
1757.5147, 16.74
1757.5417, 16.7523
1757.5687, 16.7645
1757.5957, 16.7767
1757.6227, 16.789
1757.6497, 16.8012
1757.6766, 16.8135
1757.7037, 16.8256
1757.7307, 16.8378
1757.7577, 16.8502
1757.7847, 16.8624
1757.8117, 16.8747
1757.8387, 16.8869
1757.8657, 16.8991
1757.8927, 16.9114
1757.9197, 16.9236
1757.9466, 16.9359
1757.9737, 16.9481
1758.0007, 16.9603
1758.0277, 16.9726
1758.0547, 16.9848
1758.0817, 16.9971
1758.1087, 17.0093
1758.1357, 17.0215
1758.1627, 17.0338
1758.1897, 17.046
1758.2167, 17.0583
1758.2437, 17.0705
1758.2707, 17.0827
1758.2977, 17.095
1758.3247, 17.1072
1758.3517, 17.1195
1758.3787, 17.1317
1758.4057, 17.1439
1758.4327, 17.1562
1758.4597, 17.1684
1758.4867, 17.1807
1758.5137, 17.1929
1758.5407, 17.2051
1758.5676, 17.2174
1758.5947, 17.2296
1758.6217, 17.2419
1758.6487, 17.2541
1758.6757, 17.2663
1758.7027, 17.2786
1758.7297, 17.2908
1758.7567, 17.3031
1758.7837, 17.3153
1758.8107, 17.3275
1758.8377, 17.3397
1758.8647, 17.3519
1758.8917, 17.3643
1758.9186, 17.3765
1758.9457, 17.3887
1758.9727, 17.401
1758.9997, 17.4132
1759.0267, 17.4255
1759.0537, 17.4377
1759.0807, 17.4499
1759.1077, 17.4622
1759.1347, 17.4744
1759.1617, 17.4867
1759.1887, 17.4989
1759.2157, 17.511
1759.2427, 17.5234
1759.2697, 17.5356
1759.2967, 17.5479
1759.3237, 17.5601
1759.3507, 17.5723
1759.3777, 17.5846
1759.4047, 17.5968
1759.4317, 17.6091
1759.4586, 17.6213
1759.4857, 17.6335
1759.5127, 17.6458
1759.5396, 17.658
1759.5667, 17.6703
1759.5937, 17.6825
1759.6207, 17.6947
1759.6477, 17.7069
1759.6747, 17.7191
1759.7017, 17.7315
1759.7287, 17.7437
1759.7557, 17.7559
1759.7827, 17.7682
1759.8096, 17.7804
1759.8367, 17.7927
1759.8637, 17.8049
1759.8907, 17.8171
1759.9177, 17.8294
1759.9447, 17.8416
1759.9717, 17.8538
1759.9987, 17.866
1760.0257, 17.8782
1760.0527, 17.8906
1760.0796, 17.9028
1760.1067, 17.9151
1760.1337, 17.9273
1760.1607, 17.9395
1760.1877, 17.9518
1760.2147, 17.964
1760.2417, 17.9763
1760.2687, 17.9885
1760.2957, 18.0007
1760.3227, 18.013
1760.3497, 18.0252
1760.3767, 18.0375
1760.4037, 18.0497
1760.4307, 18.0619
1760.4577, 18.0742
1760.4847, 18.0864
1760.5117, 18.0987
1760.5387, 18.1109
1760.5657, 18.1231
1760.5927, 18.1354
1760.6197, 18.1476
1760.6467, 18.1599
1760.6737, 18.1721
1760.7006, 18.1843
1760.7277, 18.1966
1760.7547, 18.2088
1760.7816, 18.2211
1760.8087, 18.2333
1760.8357, 18.2455
1760.8627, 18.2578
1760.8897, 18.27
1760.9167, 18.2823
1760.9437, 18.2945
1760.9707, 18.3067
1760.9977, 18.319
1761.0247, 18.3312
1761.0517, 18.3435
1761.0787, 18.3557
1761.1057, 18.3679
1761.1327, 18.3801
1761.1597, 18.3924
1761.1867, 18.4047
1761.2137, 18.4169
1761.2407, 18.4291
1761.2677, 18.4414
1761.2947, 18.4536
1761.3216, 18.4659
1761.3487, 18.4781
1761.3757, 18.4903
1761.4027, 18.5026
1761.4297, 18.5148
1761.4567, 18.5271
1761.4837, 18.5393
1761.5107, 18.5514
1761.5377, 18.5638
1761.5647, 18.576
1761.5917, 18.5883
1761.6187, 18.6005
1761.6457, 18.6127
1761.6726, 18.625
1761.6997, 18.6372
1761.7267, 18.6495
1761.7537, 18.6617
1761.7807, 18.6739
1761.8077, 18.6862
1761.8347, 18.6984
1761.8617, 18.7107
1761.8887, 18.7229
1761.9157, 18.7351
1761.9426, 18.7473
1761.9697, 18.7596
1761.9967, 18.7719
1762.0237, 18.7841
1762.0507, 18.7963
1762.0777, 18.8086
1762.1047, 18.8208
1762.1317, 18.8331
1762.1587, 18.8453
1762.1857, 18.8575
1762.2127, 18.8698
1762.2397, 18.882
1762.2667, 18.8942
1762.2937, 18.9064
1762.3207, 18.9186
1762.3477, 18.931
1762.3747, 18.9432
1762.4017, 18.9555
1762.4287, 18.9677
1762.4557, 18.9799
1762.4827, 18.9922
1762.5097, 19.0044
1762.5367, 19.0167
1762.5636, 19.0289
1762.5907, 19.0411
1762.6177, 19.0534
1762.6447, 19.0656
1762.6717, 19.0779
1762.6987, 19.0901
1762.7257, 19.1023
1762.7527, 19.1146
1762.7797, 19.1268
1762.8067, 19.1391
1762.8336, 19.1513
1762.8607, 19.1635
1762.8877, 19.1758
1762.9146, 19.188
1762.9417, 19.2003
1762.9687, 19.2125
1762.9957, 19.2247
1763.0227, 19.237
1763.0497, 19.2492
1763.0767, 19.2615
1763.1037, 19.2737
1763.1307, 19.2859
1763.1577, 19.2982
1763.1847, 19.3104
1763.2117, 19.3227
1763.2387, 19.3349
1763.2657, 19.3471
1763.2927, 19.3594
1763.3197, 19.3716
1763.3467, 19.3839
1763.3737, 19.3961
1763.4007, 19.4083
1763.4277, 19.4205
1763.4546, 19.4328
1763.4817, 19.4451
1763.5087, 19.4573
1763.5356, 19.4695
1763.5627, 19.4818
1763.5897, 19.494
1763.6167, 19.5063
1763.6437, 19.5185
1763.6707, 19.5307
1763.6977, 19.543
1763.7247, 19.5552
1763.7517, 19.5675
1763.7787, 19.5796
1763.8056, 19.5918
1763.8327, 19.6042
1763.8597, 19.6164
1763.8867, 19.6287
1763.9137, 19.6409
1763.9407, 19.6531
1763.9677, 19.6654
1763.9947, 19.6776
1764.0217, 19.6899
1764.0487, 19.7021
1764.0757, 19.7143
1764.1027, 19.7266
1764.1297, 19.7388
1764.1567, 19.7511
1764.1837, 19.7633
1764.2107, 19.7755
1764.2377, 19.7877
1764.2647, 19.8
1764.2917, 19.8123
1764.3187, 19.8245
1764.3457, 19.8367
1764.3727, 19.849
1764.3997, 19.8612
1764.4267, 19.8735
1764.4537, 19.8857
1764.4807, 19.8979
1764.5077, 19.9102
1764.5347, 19.9224
1764.5617, 19.9346
1764.5887, 19.9468
1764.6157, 19.959
1764.6427, 19.9714
1764.6697, 19.9836
