0,0
154.8633, 3.538
169.5964, 3.5504
169.6234, 3.5626
169.6503, 3.5748
169.6774, 3.5871
169.7044, 3.5993
169.7314, 3.6116
169.7584, 3.6238
184.4914, 3.636
184.5184, 3.6482
184.5453, 3.6606
184.5724, 3.6728
184.5994, 3.6851
184.6263, 3.6973
199.3594, 3.7096
199.3864, 3.7218
199.4134, 3.7341
199.4404, 3.7463
214.1735, 3.7586
214.2005, 3.7709
214.2275, 3.7831
214.2545, 3.7953
214.2814, 3.8075
214.3085, 3.8197
214.3355, 3.8321
214.3625, 3.8443
214.3895, 3.8566
229.1225, 3.8689
229.1495, 3.8811
229.1764, 3.8933
229.2035, 3.9056
229.2305, 3.9178
229.2575, 3.9301
243.9905, 3.9424
244.0175, 3.9546
244.0445, 3.9668
244.0715, 3.979
244.0985, 3.9912
244.1255, 4.0036
244.1525, 4.0158
258.8586, 4.0159
273.5646, 4.0159
273.5916, 4.0282
288.3246, 4.0405
288.3516, 4.0527
288.3786, 4.065
288.4056, 4.0772
288.4325, 4.0895
288.4596, 4.1017
288.4866, 4.1139
303.2196, 4.1262
303.2466, 4.1385
303.2736, 4.1507
303.3006, 4.163
303.3276, 4.1752
318.0607, 4.1875
318.0877, 4.1997
318.1147, 4.212
318.1417, 4.2242
318.1687, 4.2365
332.9017, 4.2488
332.9287, 4.261
332.9557, 4.2732
332.9827, 4.2854
333.0097, 4.2977
333.0367, 4.31
333.0637, 4.3222
347.7967, 4.3345
347.8237, 4.3468
347.8507, 4.359
362.5838, 4.3713
362.6108, 4.3835
362.6378, 4.3958
362.6648, 4.408
377.3978, 4.4203
377.4248, 4.4325
377.4518, 4.4447
377.4788, 4.4571
377.5058, 4.4693
377.5328, 4.4815
377.5598, 4.4938
377.5868, 4.506
392.3197, 4.5183
392.3468, 4.5306
392.3738, 4.5428
407.1069, 4.5551
407.1339, 4.5674
407.1609, 4.5796
407.1879, 4.5918
421.9209, 4.604
421.9479, 4.6164
421.9748, 4.6286
422.0019, 4.6409
422.0289, 4.6531
436.7619, 4.6654
436.7889, 4.6776
436.8159, 4.6899
436.8429, 4.7021
436.8699, 4.7144
451.603, 4.7267
451.63, 4.7389
451.657, 4.7511
451.684, 4.7633
451.7109, 4.7755
466.444, 4.7879
466.471, 4.8002
466.498, 4.8124
466.525, 4.8247
466.552, 4.8369
481.285, 4.8492
481.312, 4.8615
481.339, 4.8737
481.366, 4.8859
481.393, 4.8982
496.1261, 4.9104
496.1531, 4.9226
496.1801, 4.935
496.2071, 4.9472
496.2341, 4.9594
510.967, 4.9717
510.9941, 4.984
511.0211, 4.9962
511.0481, 5.0085
511.0751, 5.0207
511.1021, 5.0329
525.8351, 5.0453
525.862, 5.0575
525.8891, 5.0697
525.9161, 5.082
525.9431, 5.0942
525.9701, 5.1065
540.7031, 5.1188
540.7301, 5.131
540.757, 5.1432
555.4902, 5.1555
555.5171, 5.1678
555.5442, 5.18
555.5712, 5.1923
555.5981, 5.2045
555.6252, 5.2167
555.6522, 5.229
570.3852, 5.2413
570.4122, 5.2535
585.1452, 5.2658
585.1722, 5.2781
585.1992, 5.2903
585.2262, 5.3026
585.2532, 5.3148
585.2802, 5.327
600.0133, 5.3394
600.0403, 5.3516
600.0673, 5.3638
600.0943, 5.3761
614.8273, 5.3884
614.8542, 5.4006
614.8813, 5.4129
614.9083, 5.4251
614.9353, 5.4373
629.6683, 5.4496
629.6953, 5.4619
629.7223, 5.4741
629.7492, 5.4864
629.7763, 5.4986
644.5093, 5.5109
644.5364, 5.5232
644.5634, 5.5354
644.5904, 5.5476
644.6174, 5.5598
659.3504, 5.5722
659.3774, 5.5844
659.4043, 5.5967
659.4314, 5.6089
659.4584, 5.6211
674.1914, 5.6334
674.2184, 5.6457
674.2454, 5.6579
674.2724, 5.6702
689.0055, 5.6825
689.0325, 5.6947
689.0594, 5.7069
689.0865, 5.7191
689.1135, 5.7314
689.1405, 5.7437
703.8735, 5.756
703.9005, 5.7682
703.9275, 5.7805
703.9545, 5.7927
703.9815, 5.8049
718.7145, 5.8173
718.7415, 5.8295
718.7685, 5.8417
718.7955, 5.854
718.8225, 5.8662
718.8495, 5.8784
718.8765, 5.8907
733.6096, 5.903
733.6366, 5.9152
733.6636, 5.9275
748.3966, 5.9398
748.4236, 5.952
748.4506, 5.9643
748.4776, 5.9765
763.2106, 5.9888
763.2376, 6.0011
763.2646, 6.0133
763.2916, 6.0255
763.3186, 6.0378
778.0517, 6.0501
778.0787, 6.0623
778.1057, 6.0746
778.1327, 6.0868
778.1597, 6.099
792.8927, 6.1114
792.9197, 6.1236
792.9466, 6.1358
792.9737, 6.1481
793.0007, 6.1602
807.7337, 6.1726
807.7607, 6.1849
807.7877, 6.1971
807.8147, 6.2093
807.8417, 6.2216
822.5747, 6.2339
822.6017, 6.2461
822.6287, 6.2584
822.6557, 6.2706
822.6827, 6.2828
837.4158, 6.2952
837.4428, 6.3074
837.4698, 6.3195
837.4968, 6.3319
837.5238, 6.3441
852.2568, 6.3564
852.2838, 6.3687
852.3108, 6.3809
852.3378, 6.3931
852.3648, 6.4054
867.0977, 6.4177
867.1248, 6.4299
867.1518, 6.4422
867.1788, 6.4544
881.9119, 6.4667
881.9388, 6.479
881.9659, 6.4912
881.9929, 6.5034
882.0199, 6.5157
882.0469, 6.5279
896.7799, 6.5402
896.8069, 6.5525
896.8338, 6.5647
911.5669, 6.577
911.5939, 6.5893
911.6209, 6.6015
911.6479, 6.6137
911.6749, 6.626
926.408, 6.6383
926.435, 6.6505
926.462, 6.6627
926.4889, 6.675
926.516, 6.6872
926.543, 6.6995
926.5699, 6.7117
941.303, 6.724
941.33, 6.7363
941.357, 6.7485
941.384, 6.7607
956.117, 6.7731
956.144, 6.7852
956.171, 6.7974
956.198, 6.8098
956.225, 6.822
970.9581, 6.8343
970.9851, 6.8466
971.0121, 6.8588
971.0391, 6.871
971.0661, 6.8833
971.0931, 6.8955
985.826, 6.9078
985.8531, 6.9201
985.8801, 6.9323
985.9071, 6.9445
1000.6401, 6.9569
1000.6671, 6.9691
1000.6941, 6.9813
1000.721, 6.9936
1000.7481, 7.0058
1015.4812, 7.0181
1015.5082, 7.0304
1015.5352, 7.0426
1015.5622, 7.0548
1015.5892, 7.0671
1015.6162, 7.0793
1015.6432, 7.0916
1015.6702, 7.1038
1030.4032, 7.1161
1030.4302, 7.1284
1045.1632, 7.1407
1045.1902, 7.1529
1045.2172, 7.1651
1045.2442, 7.1774
1045.2711, 7.1896
1060.0043, 7.2019
1060.0313, 7.2142
1060.0583, 7.2264
1060.0853, 7.2386
1060.1123, 7.2509
1074.8453, 7.2631
1074.8723, 7.2753
1074.8993, 7.2877
1074.9263, 7.2999
1074.9533, 7.3122
1089.6863, 7.3245
1089.7133, 7.3367
1089.7403, 7.3489
1089.7673, 7.3612
1089.7943, 7.3734
1104.5272, 7.3857
1104.5543, 7.398
1104.5813, 7.4102
1104.6082, 7.4224
1119.3414, 7.4348
1119.3684, 7.447
1119.3954, 7.4592
1119.4224, 7.4715
1119.4494, 7.4837
1119.4764, 7.496
1134.2094, 7.5083
1134.2364, 7.5205
1134.2634, 7.5327
1134.2904, 7.545
1134.3174, 7.5572
1149.0504, 7.5695
1149.0774, 7.5817
1149.1044, 7.5939
1149.1314, 7.6063
1163.8645, 7.6186
1163.8915, 7.6308
1163.9184, 7.643
1163.9455, 7.6553
1163.9725, 7.6675
1163.9995, 7.6798
1164.0265, 7.692
1164.0535, 7.7042
1178.7865, 7.7165
1178.8135, 7.7288
1178.8405, 7.741
1193.5735, 7.7532
1193.6005, 7.7656
1193.6275, 7.7778
1193.6545, 7.7901
1208.3876, 7.8024
1208.4146, 7.8146
1208.4416, 7.8268
1208.4686, 7.8391
1208.4956, 7.8513
1223.2286, 7.8636
1223.2556, 7.8759
1223.2826, 7.8881
1223.3096, 7.9003
1223.3366, 7.9125
1238.0695, 7.9249
1238.0966, 7.9371
1238.1236, 7.9494
1238.1506, 7.9616
1238.1776, 7.9739
1252.9106, 7.9862
1252.9377, 7.9984
1252.9647, 8.0106
1252.9917, 8.0229
1253.0187, 8.0351
1267.7517, 8.0474
1267.7787, 8.0597
1267.8056, 8.0719
1267.8327, 8.0842
1267.8597, 8.0964
1282.5927, 8.1087
1282.6197, 8.1209
1282.6467, 8.1332
1282.6737, 8.1454
1282.7006, 8.1577
1297.4338, 8.17
1297.4607, 8.1822
1297.4878, 8.1944
1297.5148, 8.2067
1312.2478, 8.219
1312.2748, 8.2312
1312.3018, 8.2435
1312.3288, 8.2557
1312.3558, 8.268
1312.3828, 8.2802
1327.1158, 8.2925
1327.1428, 8.3047
1327.1698, 8.317
1327.1968, 8.3292
1327.2238, 8.3415
1341.9569, 8.3538
1341.9839, 8.366
1342.0109, 8.3783
1342.0379, 8.3905
1356.7709, 8.4028
1356.7979, 8.415
1356.8249, 8.4273
1356.8519, 8.4395
1356.8789, 8.4518
1356.9059, 8.464
1356.9329, 8.4762
1356.9599, 8.4885
1371.6928, 8.5008
1371.7199, 8.513
1371.7469, 8.5253
1386.4799, 8.5375
1386.5069, 8.5497
1386.5339, 8.5621
1386.5609, 8.5743
1401.294, 8.5866
1401.321, 8.5988
1401.3479, 8.6111
1401.375, 8.6233
1401.402, 8.6356
1416.135, 8.6479
1416.162, 8.6601
1416.189, 8.6724
1416.216, 8.6846
1416.2429, 8.6968
1430.976, 8.709
1431.003, 8.7214
1431.03, 8.7336
1431.057, 8.7459
1431.084, 8.7581
1445.8171, 8.7704
1445.8441, 8.7826
1445.8711, 8.7949
1445.8981, 8.8071
1445.9251, 8.8194
1460.6581, 8.8317
1460.6851, 8.8439
1460.7121, 8.8561
1460.7391, 8.8683
1460.7661, 8.8806
1475.499, 8.8929
1475.5261, 8.9052
1475.5531, 8.9174
1475.58, 8.9297
1490.3132, 8.942
1490.3402, 8.9542
1490.3672, 8.9664
1490.3942, 8.9787
1490.4212, 8.9909
1490.4482, 9.0032
1505.1812, 9.0155
1505.2082, 9.0277
1505.2352, 9.04
1505.2622, 9.0522
1505.2892, 9.0644
1505.3162, 9.0767
1505.3432, 9.0889
1520.0762, 9.1012
1520.1032, 9.1135
1520.1302, 9.1257
1534.8633, 9.138
1534.8902, 9.1503
1534.9173, 9.1625
1534.9443, 9.1747
1549.6773, 9.187
1549.7043, 9.1993
1549.7313, 9.2115
1549.7583, 9.2238
1549.7852, 9.236
1549.8123, 9.2482
1549.8393, 9.2605
1549.8662, 9.2727
1564.5993, 9.285
1564.6263, 9.2973
1564.6533, 9.3094
1579.3864, 9.3218
1579.4134, 9.3341
1579.4404, 9.3463
1579.4674, 9.3585
1594.2004, 9.3708
1594.2274, 9.3831
1594.2544, 9.3953
1594.2814, 9.4076
1594.3084, 9.4198
1609.0414, 9.4321
1609.0684, 9.4444
1609.0954, 9.4566
1609.1224, 9.4687
1609.1494, 9.4811
1623.8824, 9.4934
1623.9095, 9.5056
1623.9365, 9.5179
1623.9635, 9.5301
1623.9905, 9.5423
1638.7235, 9.5546
1638.7505, 9.5669
1638.7774, 9.5791
1638.8045, 9.5914
1638.8315, 9.6036
1653.5645, 9.6159
1653.5915, 9.6282
1653.6185, 9.6404
1653.6455, 9.6526
1653.6724, 9.6649
1668.4055, 9.6772
1668.4325, 9.6894
1668.4595, 9.7017
1668.4865, 9.7139
1683.2196, 9.7262
1683.2466, 9.7384
1683.2736, 9.7507
1683.3006, 9.7629
1683.3276, 9.7752
1683.3546, 9.7873
1683.3816, 9.7995
1683.4086, 9.8119
1698.1416, 9.8242
1698.1686, 9.8364
1698.1956, 9.8487
1712.9285, 9.861
1712.9556, 9.8732
1712.9826, 9.8855
1713.0096, 9.8977
1713.0366, 9.9099
1727.7697, 9.9223
1727.7967, 9.9344
1727.8237, 9.9466
1727.8507, 9.959
1727.8777, 9.9712
1742.6107, 9.9835
1757.3437, 9.9958
1757.3707, 10.0081
1757.3977, 10.0203
1757.4247, 10.0325
1757.4517, 10.0448
1757.4787, 10.057
1757.5057, 10.0693
1757.5327, 10.0815
1757.5596, 10.0937
1757.5867, 10.106
1772.3197, 10.1183
1772.3468, 10.1305
1772.3738, 10.1428
1772.4008, 10.155
1772.4278, 10.1673
1787.1608, 10.1796
1787.1878, 10.1918
1787.2147, 10.204
1787.2418, 10.2163
1787.2688, 10.2285
1802.0018, 10.2408
1802.0288, 10.253
1802.0558, 10.2652
1802.0828, 10.2775
1802.1098, 10.2898
1802.1368, 10.302
1802.1638, 10.3143
1816.8969, 10.3266
1816.9239, 10.3388
1816.9508, 10.3511
1816.9779, 10.3633
1817.0049, 10.3755
1831.7379, 10.3878
1831.7649, 10.4001
1831.7919, 10.4123
1831.8189, 10.4245
1831.8458, 10.4368
1831.8729, 10.449
1846.6059, 10.4614
1846.6329, 10.4736
1846.6599, 10.4858
1846.6869, 10.4981
1846.7139, 10.5103
1861.447, 10.5226
1861.474, 10.5349
1861.501, 10.5471
1876.234, 10.5594
1876.261, 10.5716
1876.288, 10.5838
1876.315, 10.596
1876.342, 10.6084
1876.369, 10.6206
1876.396, 10.6328
1876.423, 10.6451
1876.45, 10.6573
1876.4769, 10.6696
1876.504, 10.6818
1891.237, 10.6941
1891.264, 10.7064
1891.291, 10.7186
1891.318, 10.7308
1891.345, 10.7431
1891.3719, 10.7553
1891.399, 10.7675
1906.132, 10.7799
1906.1591, 10.7921
1906.1861, 10.8043
1906.2131, 10.8166
1906.2401, 10.8288
1906.2671, 10.8411
1906.2941, 10.8533
1921.0271, 10.8656
1921.0541, 10.8779
1921.0811, 10.8901
1921.1081, 10.9022
1921.1351, 10.9146
1935.8681, 10.9268
1935.8951, 10.9391
1935.9221, 10.9514
1935.9491, 10.9636
1935.9761, 10.9758
1936.0031, 10.9881
1936.0301, 11.0003
1950.7631, 11.0126
1950.7901, 11.0249
1950.8171, 11.0371
1965.5232, 11.0372
1965.5502, 11.0493
1965.5772, 11.0617
1965.6042, 11.0739
1965.6312, 11.0861
1965.6582, 11.0984
1950.979, 11.1105
1951.0061, 11.1228
1951.0331, 11.135
1951.0601, 11.1473
1951.0871, 11.1595
1951.1141, 11.1717
1951.1411, 11.184
1965.8742, 11.1963
1965.9012, 11.2085
1965.9282, 11.2208
1965.9552, 11.233
1965.9822, 11.2453
1966.0092, 11.2575
1966.0362, 11.2697
1966.0632, 11.282
1966.0902, 11.2942
1966.1172, 11.3065
1966.1442, 11.3187
1966.1712, 11.3309
1980.9042, 11.3432
1980.9312, 11.3555
1980.9582, 11.3677
1980.9851, 11.38
1981.0122, 11.3921
1981.0392, 11.4043
1981.0662, 11.4167
1981.0932, 11.4289
1981.1202, 11.4412
1981.1472, 11.4534
1981.1742, 11.4656
1981.2012, 11.4779
1981.2282, 11.4901
1981.2551, 11.5024
1981.2822, 11.5146
1981.3092, 11.5268
1996.0422, 11.5391
1996.0692, 11.5514
1996.0962, 11.5636
1996.1232, 11.5758
1996.1502, 11.588
1996.1772, 11.6002
1996.2042, 11.6126
1996.2312, 11.6248
1996.2582, 11.6371
1996.2852, 11.6493
1996.3122, 11.6615
1996.3392, 11.6738
1996.3662, 11.686
1996.3932, 11.6983
1996.4202, 11.7105
1996.4472, 11.7227
1996.4742, 11.7349
1996.5011, 11.7471
1996.5282, 11.7595
1996.5552, 11.7717
1996.5822, 11.784
1996.6092, 11.7962
1996.6362, 11.8084
1996.6632, 11.8207
1996.6902, 11.8329
1996.7172, 11.8452
1996.7442, 11.8574
1996.7711, 11.8696
1996.7982, 11.8819
1996.8252, 11.8941
1996.8521, 11.9064
1996.8792, 11.9186
1996.9062, 11.9308
1996.9332, 11.9431
1996.9602, 11.9553
1996.9872, 11.9676
1997.0142, 11.9798
1997.0412, 11.992
1997.0682, 12.0043
1997.0952, 12.0165
1997.1222, 12.0288
1997.1492, 12.041
1997.1762, 12.0532
1997.2032, 12.0655
1997.2302, 12.0777
1997.2572, 12.09
1997.2842, 12.1022
1997.3112, 12.1144
1997.3382, 12.1267
1997.3652, 12.1389
1997.3921, 12.1512
1997.4192, 12.1634
1997.4462, 12.1756
1997.4732, 12.1879
1997.5002, 12.2001
1997.5272, 12.2124
1997.5542, 12.2246
1997.5812, 12.2368
1997.6082, 12.249
1997.6352, 12.2612
1997.6622, 12.2736
1997.6892, 12.2858
1997.7162, 12.298
1997.7431, 12.3103
1997.7702, 12.3225
1997.7972, 12.3348
1997.8242, 12.347
2012.5573, 12.3593
2012.5843, 12.3715
2012.6113, 12.3838
2012.6383, 12.396
2012.6653, 12.4083
2012.6923, 12.4205
2012.7193, 12.4327
2012.7463, 12.445
2012.7732, 12.4572
2012.8003, 12.4695
2012.8273, 12.4817
2012.8542, 12.4939
2012.8813, 12.5062
2012.9083, 12.5184
2012.9353, 12.5307
2012.9623, 12.5429
2012.9893, 12.5551
2013.0163, 12.5674
2013.0433, 12.5796
2013.0703, 12.5918
2013.0973, 12.604
2013.1243, 12.6162
2027.8573, 12.6286
2027.8843, 12.6409
2027.9113, 12.6531
2027.9383, 12.6654
2027.9653, 12.6776
2027.9923, 12.6898
2013.3133, 12.702
2013.3403, 12.7143
2013.3673, 12.7265
2013.3942, 12.7387
2013.4213, 12.751
2013.4483, 12.7631
2013.4753, 12.7755
2013.5023, 12.7877
2013.5293, 12.7999
2013.5563, 12.8122
2013.5833, 12.8244
2013.6103, 12.8367
2013.6373, 12.8489
2013.6643, 12.8611
2013.6913, 12.8734
2013.7183, 12.8856
2013.7452, 12.8979
2013.7723, 12.9101
2013.7993, 12.9223
2013.8263, 12.9346
2013.8533, 12.9468
2013.8803, 12.959
2013.9073, 12.9713
2013.9343, 12.9835
2013.9613, 12.9958
2013.9883, 13.008
2014.0153, 13.0203
2014.0423, 13.0325
2014.0693, 13.0447
2014.0963, 13.057
2014.1233, 13.0692
2014.1503, 13.0815
2014.1773, 13.0937
2014.2043, 13.1059
2014.2313, 13.1182
2014.2583, 13.1304
2014.2852, 13.1427
2029.0183, 13.155
2029.0453, 13.1672
2029.0723, 13.1794
2029.0993, 13.1917
2029.1263, 13.2039
2029.1533, 13.2162
2014.4743, 13.2283
2014.5013, 13.2406
2014.5283, 13.2528
2014.5553, 13.2651
2014.5823, 13.2772
2014.6093, 13.2894
2014.6362, 13.3018
2014.6633, 13.314
2014.6903, 13.3263
2014.7173, 13.3385
2014.7443, 13.3507
2014.7713, 13.363
2014.7983, 13.3752
2014.8253, 13.3875
2014.8523, 13.3997
2014.8793, 13.4119
2014.9062, 13.4242
2014.9333, 13.4364
2014.9603, 13.4487
2014.9872, 13.4609
2015.0143, 13.4731
2015.0413, 13.4854
2015.0683, 13.4976
2015.0953, 13.5099
2015.1223, 13.5221
2015.1493, 13.5343
2015.1763, 13.5466
2015.2033, 13.5588
2015.2303, 13.5711
2015.2572, 13.5833
2015.2843, 13.5955
2015.3113, 13.6078
2015.3383, 13.62
2015.3653, 13.6322
2015.3923, 13.6444
2015.4193, 13.6566
2015.4463, 13.669
2015.4733, 13.6812
2030.2063, 13.6935
2030.2333, 13.7058
2030.2603, 13.718
2030.2873, 13.7302
2030.3143, 13.7425
2030.3413, 13.7547
2015.6623, 13.7669
2015.6893, 13.7791
2015.7163, 13.7913
2015.7433, 13.8035
2015.7703, 13.8159
2015.7973, 13.8281
2015.8243, 13.8403
2015.8513, 13.8526
2015.8782, 13.8648
2015.9053, 13.8771
2015.9323, 13.8893
2015.9593, 13.9015
2015.9863, 13.9138
2016.0133, 13.926
2016.0403, 13.9383
2016.0673, 13.9505
2016.0943, 13.9627
2016.1213, 13.975
2016.1482, 13.9872
2016.1753, 13.9995
2016.2023, 14.0117
2016.2293, 14.0239
2016.2563, 14.0362
2016.2833, 14.0484
2016.3103, 14.0607
2016.3373, 14.0729
2016.3643, 14.0851
2016.3913, 14.0974
2016.4183, 14.1096
2016.4453, 14.1219
2016.4723, 14.1341
2016.4993, 14.1463
2016.5263, 14.1586
2016.5533, 14.1708
2016.5803, 14.1831
2016.6073, 14.1953
2016.6343, 14.2075
2031.3673, 14.2199
2031.3942, 14.2321
2031.4213, 14.2443
2031.4483, 14.2566
2031.4753, 14.2688
2031.5023, 14.2811
2016.8233, 14.2932
2016.8502, 14.3054
2016.8773, 14.3176
2016.9043, 14.3299
2016.9313, 14.3422
2016.9583, 14.3544
2016.9853, 14.3667
2017.0123, 14.3789
2017.0393, 14.3911
2017.0663, 14.4034
2017.0933, 14.4156
2017.1203, 14.4279
2017.1473, 14.4401
2017.1743, 14.4523
2017.2013, 14.4646
2017.2283, 14.4768
2017.2553, 14.4891
2017.2823, 14.5013
2017.3093, 14.5135
2017.3363, 14.5258
2017.3633, 14.538
2017.3902, 14.5503
2017.4173, 14.5625
2017.4443, 14.5747
2017.4713, 14.587
2017.4983, 14.5992
2017.5253, 14.6115
2017.5523, 14.6237
2017.5793, 14.6359
2017.6063, 14.6482
2017.6333, 14.6604
2017.6602, 14.6726
2017.6873, 14.6848
2017.7143, 14.6971
2017.7412, 14.7094
2017.7683, 14.7216
2017.7953, 14.7339
2032.5283, 14.7462
2032.5553, 14.7584
2032.5823, 14.7707
2032.6093, 14.7829
2032.6362, 14.7951
2032.6633, 14.8074
2017.9843, 14.8195
2018.0113, 14.8317
2018.0383, 14.8439
2018.0653, 14.8563
2018.0923, 14.8685
2018.1193, 14.8807
2018.1463, 14.893
2018.1733, 14.9052
2018.2003, 14.9175
2018.2273, 14.9297
2018.2543, 14.9419
2018.2812, 14.9542
2018.3083, 14.9664
2018.3353, 14.9787
2018.3623, 14.9909
2018.3893, 15.0031
2018.4163, 15.0154
2018.4433, 15.0276
2018.4703, 15.0399
2018.4973, 15.0521
2018.5243, 15.0643
2018.5513, 15.0766
2018.5783, 15.0888
2018.6053, 15.1011
2018.6322, 15.1133
2018.6593, 15.1255
2018.6863, 15.1378
2018.7133, 15.15
2018.7403, 15.1623
2018.7673, 15.1745
2018.7943, 15.1867
2018.8213, 15.199
2018.8483, 15.2112
2018.8753, 15.2235
2018.9022, 15.2357
2018.9293, 15.2479
2018.9563, 15.2602
2033.6893, 15.2725
2033.7163, 15.2847
2033.7433, 15.297
2033.7703, 15.3092
2033.7973, 15.3215
2033.8243, 15.3336
2019.1453, 15.3458
2019.1723, 15.358
2019.1993, 15.3703
2019.2263, 15.3826
2019.2533, 15.3948
2019.2803, 15.4071
2019.3073, 15.4193
2019.3343, 15.4315
2019.3613, 15.4438
2019.3883, 15.456
2019.4153, 15.4683
2019.4423, 15.4805
2019.4693, 15.4927
2019.4963, 15.505
2019.5232, 15.5171
2019.5503, 15.5295
2019.5773, 15.5417
2019.6042, 15.5539
2019.6313, 15.5662
2019.6583, 15.5784
2019.6853, 15.5907
2019.7123, 15.6029
2019.7393, 15.6151
2019.7663, 15.6274
2019.7933, 15.6396
2019.8203, 15.6519
2019.8473, 15.6641
2019.8742, 15.6763
2019.9013, 15.6886
2019.9283, 15.7008
2019.9553, 15.713
2019.9823, 15.7252
2020.0093, 15.7375
2020.0363, 15.7498
2020.0633, 15.762
2020.0903, 15.7743
2020.1173, 15.7865
2034.8502, 15.7988
2034.8773, 15.8111
2034.9043, 15.8233
2034.9313, 15.8355
2034.9583, 15.8477
2034.9853, 15.8599
2020.3063, 15.8721
2020.3333, 15.8843
2020.3603, 15.8967
2020.3873, 15.9089
2020.4143, 15.9211
2020.4413, 15.9334
2020.4683, 15.9456
2020.4953, 15.9579
2020.5223, 15.9701
2020.5493, 15.9823
2020.5763, 15.9946
2020.6033, 16.0068
2020.6303, 16.0191
2020.6573, 16.0313
2020.6843, 16.0435
2020.7113, 16.0558
2020.7383, 16.068
2020.7652, 16.0803
2020.7923, 16.0925
2020.8193, 16.1047
2020.8463, 16.117
2020.8733, 16.1292
2020.9003, 16.1415
2020.9273, 16.1537
2020.9543, 16.1659
2020.9813, 16.1782
2021.0083, 16.1904
2021.0352, 16.2027
2021.0623, 16.2149
2021.0893, 16.2271
2021.1163, 16.2394
2021.1433, 16.2516
2021.1703, 16.2639
2021.1973, 16.2761
2021.2243, 16.2883
2035.9573, 16.3007
