0, 0
500.791, 3.5796
500.8, 3.5918
515.4609, 3.6042
515.4699, 3.6164
530.1308, 3.6286
544.7917, 3.6408
559.4527, 3.653
559.4617, 3.6652
574.1227, 3.6775
588.7835, 3.6897
603.4445, 3.7019
618.1056, 3.7141
618.1145, 3.7263
632.7755, 3.7385
647.4365, 3.7508
662.0974, 3.763
676.7584, 3.7752
691.4194, 3.7873
691.4283, 3.7995
706.0893, 3.8119
720.7502, 3.8241
735.4112, 3.8363
750.0722, 3.8485
750.0811, 3.8607
764.7421, 3.8729
779.403, 3.8852
794.064, 3.8974
794.073, 3.9096
808.7339, 3.9218
823.3949, 3.934
838.0559, 3.9462
852.7168, 3.9585
852.7258, 3.9707
867.3867, 3.9828
882.0477, 3.995
896.7086, 4.0073
911.3696, 4.0195
911.3786, 4.0318
926.0395, 4.044
940.7005, 4.0562
955.3615, 4.0684
970.0224, 4.0806
970.0314, 4.0929
984.6924, 4.1051
999.3533, 4.1173
1014.0143, 4.1295
1014.0232, 4.1417
1028.6842, 4.1539
1043.3452, 4.1662
1058.0061, 4.1784
1072.6671, 4.1905
1087.3281, 4.2028
1101.9889, 4.215
1101.998, 4.2272
1116.6589, 4.2395
1131.3199, 4.2517
1145.9809, 4.2639
1145.9898, 4.2761
1160.6508, 4.2883
1175.3118, 4.3005
1189.9727, 4.3128
1204.6337, 4.325
1204.6425, 4.3372
1219.3035, 4.3494
1233.9646, 4.3616
1248.6255, 4.3739
1263.2865, 4.386
1277.9475, 4.3982
1277.9564, 4.4104
1292.6174, 4.4227
1307.2783, 4.4349
1321.9393, 4.4472
1321.9483, 4.4594
1336.6092, 4.4716
1351.2702, 4.4838
1365.9312, 4.496
1380.592, 4.5082
1380.6011, 4.5205
1395.262, 4.5327
1409.923, 4.5449
1424.584, 4.5571
1439.2449, 4.5693
1453.9059, 4.5816
1453.9148, 4.5937
1468.5758, 4.6059
1483.2368, 4.6181
1497.8977, 4.6303
1512.5587, 4.6425
1512.5676, 4.6549
1527.2286, 4.6671
1541.8896, 4.6793
1556.5506, 4.6915
1556.5594, 4.7037
1571.2205, 4.7159
1585.8814, 4.7282
1600.5424, 4.7404
1615.2034, 4.7526
1629.8643, 4.7648
1629.8733, 4.777
1644.5342, 4.7892
1659.1952, 4.8014
1673.8561, 4.8136
1673.8651, 4.8258
1688.5261, 4.838
1703.1871, 4.8502
1717.8479, 4.8626
1732.509, 4.8748
1732.5179, 4.887
1747.1789, 4.8992
1761.8399, 4.9114
1776.5008, 4.9236
1791.1618, 4.9359
1805.8228, 4.9481
1805.8317, 4.9603
1820.4927, 4.9725
1835.1536, 4.9847
1849.8146, 4.9969
1864.4756, 5.0092
1864.4845, 5.0214
1879.1455, 5.0336
1893.8065, 5.0458
1908.4674, 5.058
1908.4764, 5.0703
1923.1373, 5.0825
1937.7983, 5.0947
1952.4593, 5.1069
1967.1202, 5.1191
1967.1292, 5.1313
1981.7812, 5.1313
1996.4422, 5.1436
1996.4511, 5.1558
2011.1121, 5.168
2025.773, 5.1802
2040.434, 5.1924
2040.443, 5.2046
2055.1039, 5.2169
2069.7649, 5.2291
2084.4259, 5.2413
2084.4348, 5.2535
2099.0958, 5.2657
2113.7567, 5.2779
2128.4177, 5.2902
2143.0787, 5.3024
2143.0876, 5.3146
2157.7486, 5.3268
2172.4095, 5.339
2187.0705, 5.3513
2201.7315, 5.3635
2216.3924, 5.3757
2216.4014, 5.3879
2231.0624, 5.4001
2245.7233, 5.4123
2260.3843, 5.4245
2260.3932, 5.4368
2275.0542, 5.449
2289.7151, 5.4612
2304.3761, 5.4734
2319.0371, 5.4856
2319.0461, 5.4979
2333.7069, 5.5101
2348.3679, 5.5223
2363.0289, 5.5345
2377.6899, 5.5467
2392.3509, 5.5589
2392.3598, 5.5712
2407.0208, 5.5834
2421.6818, 5.5956
2436.3427, 5.6078
2451.0037, 5.62
2451.0126, 5.6322
2465.6736, 5.6444
2480.3346, 5.6566
2494.9955, 5.6689
2495.0045, 5.6811
2509.6655, 5.6933
2524.3264, 5.7056
2538.9874, 5.7178
2553.6482, 5.73
2568.3093, 5.7422
2568.3183, 5.7544
2582.9792, 5.7666
2597.6402, 5.7789
2612.3012, 5.7911
2626.9621, 5.8033
2626.971, 5.8155
2641.632, 5.8277
2656.293, 5.8399
2670.954, 5.8521
2670.9628, 5.8643
2685.6239, 5.8766
2700.2849, 5.8888
2714.9458, 5.901
2729.6068, 5.9133
2744.2677, 5.9255
2744.2767, 5.9377
2758.9377, 5.9499
2773.5986, 5.9621
2788.2596, 5.9743
2788.2685, 5.9866
2802.9295, 5.9988
2817.5905, 6.011
2832.2514, 6.0232
2846.9123, 6.0354
2846.9214, 6.0476
2861.5823, 6.0599
2876.2433, 6.0721
2890.9042, 6.0843
2890.9132, 6.0965
2905.5652, 6.0965
2920.2262, 6.1087
2920.2351, 6.121
2934.8961, 6.1332
2949.5571, 6.1454
2964.218, 6.1576
2978.879, 6.1698
2978.8879, 6.182
2993.5489, 6.1943
3008.2099, 6.2065
3022.8708, 6.2187
3022.8798, 6.2309
3037.5408, 6.2431
3052.2017, 6.2553
3066.8627, 6.2676
3081.5236, 6.2798
3081.5326, 6.292
3096.1936, 6.3042
3110.8545, 6.3164
3125.5154, 6.3286
3140.1764, 6.3409
3154.8374, 6.3531
3154.8464, 6.3653
3169.5072, 6.3775
3184.1683, 6.3897
3198.8293, 6.402
3213.4902, 6.4142
3213.4992, 6.4264
3228.1602, 6.4386
3242.8211, 6.4508
3257.4821, 6.463
3257.491, 6.4753
3272.152, 6.4875
3286.813, 6.4997
3301.4739, 6.5119
3316.1349, 6.5241
3330.7959, 6.5363
3330.8048, 6.5486
3345.4658, 6.5608
3360.1267, 6.573
3374.7877, 6.5852
3389.4487, 6.5974
3389.4576, 6.6097
3404.1186, 6.6219
3418.7795, 6.6341
3433.4405, 6.6463
3433.4495, 6.6585
3448.1104, 6.6707
3462.7713, 6.683
3477.4324, 6.6952
3492.0933, 6.7074
3506.7543, 6.7196
3506.7631, 6.7318
3521.4242, 6.744
3536.0852, 6.7563
3550.7461, 6.7685
3550.7551, 6.7807
3565.4161, 6.7929
3580.077, 6.8051
3594.738, 6.8173
3609.3989, 6.8296
3609.4079, 6.8418
3624.0689, 6.854
3638.7298, 6.8662
3653.3908, 6.8784
3668.0518, 6.8907
3682.7127, 6.9029
3697.3737, 6.9151
3697.3826, 6.9273
3712.0436, 6.9395
3726.7046, 6.9517
3741.3655, 6.964
3741.3745, 6.9762
3756.0355, 6.9884
3770.6964, 7.0006
3785.3574, 7.0128
3785.3663, 7.025
3800.0273, 7.0373
3814.6883, 7.0495
3829.3492, 7.0617
3844.0102, 7.0739
3844.0191, 7.0861
3858.6801, 7.0984
3873.3411, 7.1106
3888.002, 7.1228
3902.663, 7.135
3902.672, 7.1472
3917.3329, 7.1594
3931.9939, 7.1717
3946.6549, 7.1839
3961.3158, 7.1961
3961.3248, 7.2083
3975.9857, 7.2205
3990.6467, 7.2327
4005.3077, 7.245
4019.9686, 7.2572
4019.9776, 7.2694
4034.6385, 7.2816
4049.2995, 7.2938
4063.9605, 7.306
4078.6214, 7.3183
4093.2824, 7.3305
4093.2913, 7.3427
4107.9523, 7.3549
4122.6133, 7.3671
4137.2743, 7.3794
4137.2832, 7.3916
4151.9442, 7.4038
4166.6051, 7.416
4181.2661, 7.4282
4195.9271, 7.4404
4195.936, 7.4527
4210.597, 7.4649
4225.2579, 7.4771
4239.9189, 7.4893
4254.5798, 7.5015
4269.2408, 7.5137
4269.2498, 7.526
4283.9108, 7.5382
4298.5716, 7.5504
4313.2327, 7.5626
4327.8936, 7.5748
4327.9026, 7.587
4342.5636, 7.5993
4357.2245, 7.6115
4371.8855, 7.6237
4371.8944, 7.6359
4386.5554, 7.6481
4401.2164, 7.6604
4415.8773, 7.6726
4430.5383, 7.6848
4445.1993, 7.697
4445.2082, 7.7092
4459.8692, 7.7214
4474.5302, 7.7337
4489.1911, 7.7459
4503.8521, 7.7581
4503.861, 7.7703
4518.522, 7.7825
4533.183, 7.7947
4547.8439, 7.807
4547.8529, 7.8192
4562.5138, 7.8314
4577.1748, 7.8436
4591.8357, 7.8558
4606.4967, 7.8681
4621.1577, 7.8803
4621.1667, 7.8925
4635.8276, 7.9047
4650.4886, 7.9169
4665.1496, 7.9291
4679.8105, 7.9414
4679.8195, 7.9536
4694.4804, 7.9658
4709.1414, 7.978
4723.8024, 7.9902
4723.8113, 8.0024
4738.4723, 8.0147
4753.1332, 8.0269
4767.7942, 8.0391
4782.4552, 8.0513
4797.1161, 8.0635
4811.7771, 8.0757
4811.7861, 8.088
4826.447, 8.1002
4841.108, 8.1124
4855.769, 8.1246
4855.7779, 8.1368
4870.4389, 8.1491
4885.0998, 8.1613
4899.7608, 8.1735
4899.7697, 8.1857
4914.4307, 8.1979
4929.0917, 8.2101
4943.7526, 8.2224
4958.4136, 8.2346
4958.4226, 8.2468
4973.0835, 8.259
4987.7445, 8.2711
5002.4055, 8.2833
5017.0664, 8.2957
5031.7274, 8.3079
5031.7363, 8.3201
5046.3973, 8.3323
5061.0583, 8.3445
5075.7191, 8.3568
5090.3801, 8.369
5090.3891, 8.3812
5105.0501, 8.3934
5119.7111, 8.4056
5134.3719, 8.4178
5134.381, 8.4301
5149.042, 8.4423
5163.7029, 8.4545
5178.3639, 8.4667
5193.0249, 8.4788
5207.6858, 8.491
5207.6947, 8.5034
5222.3557, 8.5156
5237.0167, 8.5278
5251.6777, 8.54
5251.6865, 8.5522
5266.3476, 8.5644
5281.0085, 8.5767
5295.6695, 8.5889
5295.6785, 8.6011
5310.3394, 8.6133
5325.0004, 8.6255
5339.6614, 8.6378
5354.3223, 8.65
5368.9832, 8.6622
5383.6442, 8.6743
5383.6532, 8.6865
5398.3142, 8.6987
5412.975, 8.7111
5427.636, 8.7233
5442.2971, 8.7355
5442.306, 8.7477
5456.967, 8.7599
5471.6279, 8.7721
5486.2889, 8.7844
5486.2979, 8.7966
5500.9588, 8.8088
5515.6198, 8.821
5530.2808, 8.8332
5544.9417, 8.8454
5559.6027, 8.8577
5574.2637, 8.8699
5574.2726, 8.882
5588.9336, 8.8942
5603.5945, 8.9064
5618.2555, 8.9188
5618.2644, 8.931
5632.9254, 8.9432
5647.5864, 8.9554
5662.2473, 8.9676
5676.9083, 8.9798
5676.9173, 8.9921
5691.5782, 9.0043
5706.2392, 9.0165
5720.9002, 9.0287
5720.9091, 9.0409
5735.5701, 9.0531
5750.231, 9.0654
5764.892, 9.0776
5779.553, 9.0898
5794.2139, 9.102
5794.2229, 9.1142
5808.8838, 9.1265
5823.5448, 9.1387
5838.2058, 9.1509
5838.2147, 9.1631
5852.8757, 9.1753
5867.5367, 9.1875
5882.1976, 9.1998
5896.8586, 9.212
5896.8675, 9.2242
5911.5285, 9.2364
5926.1895, 9.2486
5940.8504, 9.2608
5955.5114, 9.2731
5970.1724, 9.2852
5970.1813, 9.2974
5984.8423, 9.3096
5999.5032, 9.3219
6014.1642, 9.3341
6014.1732, 9.3464
6028.834, 9.3586
6043.495, 9.3708
6058.1561, 9.383
6072.817, 9.3952
6072.826, 9.4075
6087.4868, 9.4197
6102.1479, 9.4319
6116.8089, 9.4441
6131.4698, 9.4563
6146.1308, 9.4685
6146.1397, 9.4808
6160.8007, 9.4929
6175.4617, 9.5051
6190.1226, 9.5173
6204.7835, 9.5295
6204.7926, 9.5417
6219.4535, 9.5541
6234.1145, 9.5663
6248.7755, 9.5785
6248.7844, 9.5907
6263.4454, 9.6029
6278.1063, 9.6151
6292.7673, 9.6274
6307.4283, 9.6396
6322.0892, 9.6518
6322.0982, 9.664
6336.7591, 9.6762
6351.4201, 9.6885
6366.0811, 9.7006
6380.742, 9.7128
6380.751, 9.725
6395.412, 9.7372
6410.0729, 9.7495
6424.7339, 9.7618
6424.7428, 9.774
6439.4038, 9.7862
6454.0648, 9.7984
6468.7257, 9.8106
6483.3867, 9.8228
6498.0477, 9.8351
6498.0566, 9.8473
6512.7176, 9.8595
6527.3785, 9.8717
6542.0395, 9.8839
6556.7005, 9.8961
6556.7094, 9.9083
6571.3704, 9.9205
6586.0314, 9.9327
6600.6923, 9.9449
6600.7013, 9.9572
6615.3622, 9.9695
6630.0232, 9.9817
6644.6842, 9.9939
6659.3451, 10.0061
6674.0061, 10.0183
6688.6671, 10.0305
6688.676, 10.0428
6703.337, 10.055
6717.9979, 10.0672
6732.6589, 10.0794
6732.6679, 10.0916
6747.3288, 10.1038
6761.9898, 10.1161
6776.6508, 10.1283
6791.3117, 10.1405
6791.3207, 10.1527
6805.9816, 10.1649
6820.6425, 10.1772
6835.3035, 10.1894
6835.3125, 10.2016
6849.9735, 10.2138
6864.6343, 10.226
6879.2953, 10.2382
6893.9564, 10.2505
6908.6173, 10.2627
6908.6263, 10.2749
6923.2873, 10.2871
6937.9482, 10.2993
6952.6092, 10.3115
6967.2702, 10.3237
6967.2791, 10.336
6981.9401, 10.3482
6996.601, 10.3604
7011.262, 10.3726
7011.271, 10.3849
7025.9319, 10.3971
7040.5929, 10.4093
7055.2538, 10.4215
7069.9148, 10.4337
7084.5758, 10.4459
7084.5847, 10.4582
7099.2457, 10.4704
7099.2546, 10.4826
7113.9066, 10.4826
7128.5676, 10.4948
7128.5766, 10.507
7143.2375, 10.5192
7157.8984, 10.5314
7172.5594, 10.5436
7187.2204, 10.5558
7187.2294, 10.5681
7187.2383, 10.5803
7201.8993, 10.5925
7201.9083, 10.6048
7216.5692, 10.617
7216.5782, 10.6292
7231.2391, 10.6414
7231.2481, 10.6536
7245.909, 10.6659
7245.918, 10.6781
7260.579, 10.6903
7275.2399, 10.7025
7275.2489, 10.7147
7289.9098, 10.7269
7289.9188, 10.7391
7304.5798, 10.7513
7304.5887, 10.7635
7319.2497, 10.7758
7319.2586, 10.788
7333.9196, 10.8002
7333.9285, 10.8125
7348.5895, 10.8247
7363.2505, 10.8369
7363.2594, 10.8491
7377.9203, 10.8613
7377.9293, 10.8735
7392.5903, 10.8858
7392.5993, 10.898
7407.2602, 10.9102
7421.9212, 10.9224
7421.9301, 10.9346
7436.5911, 10.9468
7436.6, 10.959
7451.261, 10.9713
7451.27, 10.9835
7465.9308, 10.9957
7465.9399, 11.0079
7480.6008, 11.0202
7480.6098, 11.0324
7495.2708, 11.0446
7509.9317, 11.0568
7509.9407, 11.069
7524.6016, 11.0812
7524.6106, 11.0935
7539.2716, 11.1057
7539.2805, 11.1179
7553.9415, 11.1301
7568.6024, 11.1423
7568.6114, 11.1546
7568.6202, 11.1668
7583.2812, 11.179
7597.9423, 11.1912
7597.9512, 11.2034
7612.6122, 11.2156
7612.6211, 11.2279
7627.2821, 11.2401
7627.2911, 11.2523
7641.952, 11.2645
7656.613, 11.2767
7656.6219, 11.2889
7671.2829, 11.3012
7671.2919, 11.3134
7685.9527, 11.3256
7685.9618, 11.3378
7700.6227, 11.35
7700.6317, 11.3622
7715.2926, 11.3745
7729.9536, 11.3867
7729.9626, 11.3989
7744.6235, 11.4111
7744.6324, 11.4233
7759.2934, 11.4356
7759.3024, 11.4478
7773.9634, 11.46
7788.6242, 11.4722
7788.6333, 11.4844
7803.2942, 11.4966
7803.3032, 11.5089
7803.3121, 11.5211
7817.9731, 11.5333
7832.6341, 11.5455
7832.643, 11.5577
7832.652, 11.5699
7832.6609, 11.5822
7832.6699, 11.5944
7847.3308, 11.6066
7861.9918, 11.6188
7862.0008, 11.631
7862.0097, 11.6432
7862.0187, 11.6555
7862.0276, 11.6677
7862.0366, 11.6799
7862.0455, 11.6921
7862.0545, 11.7043
7862.0634, 11.7166
7862.0724, 11.7288
7876.7332, 11.741
7876.7423, 11.7532
7876.7511, 11.7654
7876.7602, 11.7776
7876.7691, 11.7899
7891.4301, 11.8021
7891.439, 11.8143
7891.448, 11.8265
7891.4569, 11.8387
7891.4659, 11.8509
7891.4748, 11.8632
7891.4838, 11.8754
7906.1448, 11.8876
7906.1537, 11.8998
7906.1627, 11.912
7906.1716, 11.9243
7906.1806, 11.9365
7906.1895, 11.9487
7906.1985, 11.9609
7920.8594, 11.9731
7920.8683, 11.9853
7920.8773, 11.9976
7920.8862, 12.0098
7920.8952, 12.022
7935.5562, 12.0342
7935.5651, 12.0464
7935.5741, 12.0586
7935.583, 12.0709
7935.592, 12.0831
7935.6009, 12.0953
7935.6099, 12.1075
7950.2709, 12.1197
7950.2798, 12.1319
7950.2888, 12.1442
7950.2977, 12.1564
7950.3067, 12.1686
7950.3155, 12.1808
7950.3246, 12.193
7964.9855, 12.2053
7964.9945, 12.2175
7965.0034, 12.2297
7965.0124, 12.2419
7965.0213, 12.2541
7979.6823, 12.2663
7979.6913, 12.2786
7979.7002, 12.2908
7979.7092, 12.303
7979.7181, 12.3152
7994.3791, 12.3274
7994.388, 12.3396
7994.397, 12.3519
7994.4059, 12.3641
7994.4149, 12.3763
7994.4238, 12.3885
7994.4328, 12.4007
8009.0937, 12.413
8009.1027, 12.4252
8009.1116, 12.4374
8009.1206, 12.4496
8009.1295, 12.4618
8009.1385, 12.474
8009.1474, 12.4863
8023.8084, 12.4985
8023.8174, 12.5107
8023.8263, 12.5229
8023.8353, 12.5351
8023.8441, 12.5473
8023.8532, 12.5596
8038.5141, 12.5718
8053.1751, 12.584
8053.184, 12.5962
8053.193, 12.6084
8053.2019, 12.6206
8053.2109, 12.6329
8053.2198, 12.6451
8053.2288, 12.6573
8053.2377, 12.6695
8053.2467, 12.6817
8053.2556, 12.694
8053.2646, 12.7062
8053.2735, 12.7184
8053.2825, 12.7306
8053.2913, 12.7428
8053.3004, 12.755
8053.3093, 12.7673
8053.3183, 12.7795
8053.3272, 12.7917
8053.3362, 12.8039
8053.3451, 12.8161
8053.3541, 12.8283
8053.363, 12.8406
8053.3719, 12.8528
8053.381, 12.865
8053.3899, 12.8772
8053.3989, 12.8894
8053.4078, 12.9016
8053.4168, 12.9139
8053.4257, 12.9261
8053.4346, 12.9383
8053.4436, 12.9505
8053.4526, 12.9627
8053.4615, 12.975
8053.4705, 12.9872
8053.4794, 12.9994
8053.4884, 13.0116
8053.4973, 13.0238
8053.5063, 13.036
8053.5152, 13.0483
8053.5242, 13.0605
8053.5331, 13.0727
8053.5421, 13.0849
8053.551, 13.0971
8053.56, 13.1093
8053.5689, 13.1216
8053.5779, 13.1338
8053.5868, 13.146
8053.5958, 13.1582
8053.6047, 13.1703
8053.6137, 13.1827
8053.6226, 13.1949
8053.6316, 13.2071
8053.6404, 13.2193
8053.6495, 13.2315
8053.6583, 13.2437
8053.6674, 13.256
8053.6763, 13.2682
8053.6853, 13.2804
8053.6942, 13.2926
8053.7032, 13.3048
8053.7121, 13.317
8053.721, 13.3293
8053.73, 13.3415
8053.7389, 13.3537
8053.7479, 13.3659
8053.7569, 13.378
8053.7658, 13.3902
8053.7748, 13.4026
8053.7837, 13.4148
8053.7927, 13.427
8053.8016, 13.4392
8053.8106, 13.4514
8053.8195, 13.4637
8053.8285, 13.4759
8053.8374, 13.4881
8053.8464, 13.5003
8053.8553, 13.5125
8053.8643, 13.5247
8053.8732, 13.537
8053.8822, 13.5492
8053.8911, 13.5614
8053.9001, 13.5735
8053.909, 13.5857
8053.918, 13.5979
8053.9268, 13.6103
8053.9359, 13.6225
8053.9447, 13.6347
8053.9538, 13.6469
8053.9627, 13.6591
8053.9717, 13.6714
8053.9806, 13.6836
8053.9896, 13.6958
8053.9985, 13.708
8054.0075, 13.7202
8054.0164, 13.7324
8054.0254, 13.7447
8054.0343, 13.7569
8054.0433, 13.7691
8054.0522, 13.7812
8054.0612, 13.7934
8054.0701, 13.8056
8054.0791, 13.818
8054.088, 13.8302
8054.097, 13.8424
8054.1059, 13.8546
8054.1149, 13.8668
8054.1238, 13.879
8054.1328, 13.8913
8054.1417, 13.9035
8054.1507, 13.9157
8054.1596, 13.9279
8054.1686, 13.9401
8054.1775, 13.9524
8054.1865, 13.9646
8054.1954, 13.9768
8054.2044, 13.9889
8054.2133, 14.0012
8054.2223, 14.0134
8054.2313, 14.0257
8054.2402, 14.0379
8054.2492, 14.0501
8054.2581, 14.0623
8054.2671, 14.0745
8054.276, 14.0867
8054.285, 14.099
8054.2939, 14.1112
8054.3029, 14.1234
8054.3118, 14.1356
8054.3208, 14.1478
8054.3296, 14.16
8054.3387, 14.1723
8054.3476, 14.1844
8054.3566, 14.1967
8054.3655, 14.2089
8054.3745, 14.2211
8054.3834, 14.2334
8054.3924, 14.2456
8054.4013, 14.2578
8054.4102, 14.27
8054.4192, 14.2822
8054.4282, 14.2944
8054.4371, 14.3067
8054.4461, 14.3189
8054.455, 14.3311
8054.464, 14.3433
8054.4729, 14.3555
8054.4819, 14.3677
8054.4908, 14.38
8054.4998, 14.3921
8054.5087, 14.4043
8054.5177, 14.4166
8054.5266, 14.4288
8054.5356, 14.4411
8054.5445, 14.4533
8054.5535, 14.4655
8054.5624, 14.4777
8054.5714, 14.4899
8054.5803, 14.5021
8054.5893, 14.5144
8054.5981, 14.5266
8054.6072, 14.5388
8054.616, 14.551
8054.6251, 14.5632
8054.634, 14.5754
8054.643, 14.5877
8054.6519, 14.5998
8054.6609, 14.612
8054.6698, 14.6242
8054.6787, 14.6364
8054.6877, 14.6487
8054.6966, 14.661
8054.7056, 14.6732
8054.7146, 14.6854
8054.7235, 14.6976
8054.7325, 14.7098
8054.7414, 14.7221
8054.7504, 14.7343
8054.7593, 14.7465
8054.7683, 14.7587
8054.7772, 14.7709
8054.7862, 14.7831
8054.7951, 14.7953
8054.8041, 14.8075
8054.813, 14.8197
8054.822, 14.8319
8054.8309, 14.8441
8054.8399, 14.8564
8054.8488, 14.8687
8054.8578, 14.8809
8054.8667, 14.8931
8054.8757, 14.9053
8054.8846, 14.9175
8054.8936, 14.9297
8054.9024, 14.942
8054.9115, 14.9542
8054.9203, 14.9664
8054.9294, 14.9786
8054.9383, 14.9908
8054.9473, 15.0031
8054.9562, 15.0153
8054.9651, 15.0275
8054.9741, 15.0397
8054.983, 15.0519
8054.992, 15.0641
8055.001, 15.0764
8055.0099, 15.0886
8055.0189, 15.1008
8055.0278, 15.113
8055.0368, 15.1252
8055.0457, 15.1374
8055.0547, 15.1497
8055.0636, 15.1619
8055.0726, 15.1741
8055.0816, 15.1863
8055.0905, 15.1985
8055.0995, 15.2107
8055.1084, 15.223
8055.1174, 15.2352
8055.1263, 15.2474
8055.1353, 15.2596
8055.1442, 15.2718
8055.1532, 15.2841
8055.1621, 15.2963
8055.1711, 15.3085
8055.18, 15.3207
8055.189, 15.3329
8055.1979, 15.3451
8055.2069, 15.3574
8055.2158, 15.3696
8055.2248, 15.3818
8055.2337, 15.394
8055.2427, 15.4062
8055.2516, 15.4184
8055.2606, 15.4307
8055.2695, 15.4429
8055.2785, 15.4551
8055.2873, 15.4673
8055.2964, 15.4795
8055.3053, 15.4918
8055.3143, 15.504
8055.3232, 15.5162
8055.3322, 15.5284
8055.3411, 15.5406
8055.3501, 15.5528
8055.359, 15.5651
8055.3679, 15.5773
8055.3769, 15.5895
8055.3859, 15.6017
8055.3948, 15.6139
8055.4038, 15.6261
8055.4127, 15.6383
8055.4217, 15.6505
8055.4306, 15.6627
8055.4396, 15.675
8055.4485, 15.6872
8055.4575, 15.6995
8055.4664, 15.7117
8055.4754, 15.7239
8055.4843, 15.7361
8055.4933, 15.7483
8055.5022, 15.7605
8055.5112, 15.7728
8055.5201, 15.785
8055.5291, 15.7972
8055.538, 15.8094
8055.547, 15.8216
8055.5558, 15.8338
8055.5649, 15.846
8055.5737, 15.8582
8055.5828, 15.8705
8055.5917, 15.8827
8055.6007, 15.8949
8055.6096, 15.9071
8055.6186, 15.9194
8055.6275, 15.9316
8055.6364, 15.9438
8055.6454, 15.956
8055.6543, 15.9682
8055.6633, 15.9805
8055.6723, 15.9927
8055.6812, 16.0049
8055.6902, 16.0171
8055.6991, 16.0293
8055.7081, 16.0415
8055.717, 16.0538
8055.726, 16.066
8055.7349, 16.0782
8055.7439, 16.0904
8055.7528, 16.1026
8055.7618, 16.1148
8055.7707, 16.1271
8055.7797, 16.1393
8055.7886, 16.1515
8055.7976, 16.1637
8055.8065, 16.1759
8055.8155, 16.1881
8055.8244, 16.2004
8055.8334, 16.2126
8055.8423, 16.2248
8055.8513, 16.237
8055.8601, 16.2492
8055.8692, 16.2615
8055.878, 16.2737
8055.8871, 16.2859
8055.896, 16.2981
8055.905, 16.3103
8055.9139, 16.3225
8055.9229, 16.3348
8055.9319, 16.347
8055.9407, 16.3592
8055.9498, 16.3714
8055.9586, 16.3836
8055.9677, 16.3958
8055.9766, 16.4081
8055.9856, 16.4203
8055.9945, 16.4325
8056.0035, 16.4447
8056.0124, 16.4569
8056.0214, 16.4692
8056.0303, 16.4814
8056.0393, 16.4936
8056.0482, 16.5058
8056.0572, 16.518
8056.0661, 16.5302
8056.0751, 16.5425
8056.084, 16.5547
8056.093, 16.5669
8056.1019, 16.5791
8056.1109, 16.5913
8056.1198, 16.6035
8056.1288, 16.6158
8056.1377, 16.628
8056.1467, 16.6402
8056.1556, 16.6524
8056.1646, 16.6646
8056.1735, 16.6768
8056.1825, 16.6891
8056.1914, 16.7013
8056.2004, 16.7135
8056.2093, 16.7257
8056.2183, 16.7379
8056.2272, 16.7502
8056.2362, 16.7624
8056.2451, 16.7746
8056.2541, 16.7868
8056.263, 16.799
8056.272, 16.8112
8056.2809, 16.8235
8056.2899, 16.8357
8056.2988, 16.8479
8056.3078, 16.8601
8056.3167, 16.8723
8056.3256, 16.8845
8056.3346, 16.8968
8056.3436, 16.909
8056.3525, 16.9212
8056.3615, 16.9334
8056.3704, 16.9456
8056.3794, 16.9578
8056.3883, 16.9701
8056.3973, 16.9823
8056.4062, 16.9945
8056.4152, 17.0067
8056.4241, 17.0189
8056.4331, 17.0312
8056.442, 17.0434
8056.451, 17.0556
8056.4599, 17.0678
8056.4689, 17.08
8056.4778, 17.0922
8056.4868, 17.1045
8056.4957, 17.1167
8056.5047, 17.1289
8056.5135, 17.1411
8056.5226, 17.1533
8056.5314, 17.1655
8056.5405, 17.1778
8056.5493, 17.19
8056.5584, 17.2022
8056.5673, 17.2144
8056.5763, 17.2266
8056.5852, 17.2389
8056.5941, 17.2511
8056.6031, 17.2633
8056.612, 17.2755
8056.621, 17.2877
8056.63, 17.2999
8056.6389, 17.3122
8056.6479, 17.3244
8056.6568, 17.3366
8056.6658, 17.3488
8056.6747, 17.361
8056.6837, 17.3732
8056.6926, 17.3855
8056.7016, 17.3977
8056.7105, 17.4099
8056.7195, 17.4221
8056.7284, 17.4343
8056.7374, 17.4465
8056.7463, 17.4588
8056.7553, 17.471
8056.7642, 17.4832
8056.7732, 17.4954
8056.7822, 17.5076
8056.7911, 17.5199
8056.8001, 17.5321
8056.809, 17.5443
8056.818, 17.5565
8056.8269, 17.5687
8056.8359, 17.5809
8056.8448, 17.5932
8056.8538, 17.6054
8056.8627, 17.6176
8056.8717, 17.6298
8056.8806, 17.642
8056.8896, 17.6542
8056.8984, 17.6665
8056.9075, 17.6787
8056.9163, 17.6909
8056.9254, 17.7031
8056.9343, 17.7153
8056.9433, 17.7276
8056.9522, 17.7398
8056.9612, 17.752
8056.9701, 17.7642
8056.979, 17.7764
8056.988, 17.7886
8056.9969, 17.8009
8057.0059, 17.8131
8057.0149, 17.8253
8057.0238, 17.8375
8057.0328, 17.8497
8057.0417, 17.8618
8057.0507, 17.8742
8057.0596, 17.8864
8057.0686, 17.8986
8057.0775, 17.9108
8057.0865, 17.923
8057.0954, 17.9352
8057.1044, 17.9475
8057.1133, 17.9597
8057.1223, 17.9719
8057.1312, 17.9841
8057.1402, 17.9963
8057.1491, 18.0086
8057.1581, 18.0208
8057.167, 18.033
8057.176, 18.0452
8057.1849, 18.0574
8057.1939, 18.0695
8057.2028, 18.0819
8057.2118, 18.0941
8057.2207, 18.1063
8057.2297, 18.1185
8057.2386, 18.1307
8057.2476, 18.1429
8057.2565, 18.1552
8057.2655, 18.1674
8057.2744, 18.1796
8057.2833, 18.1918
8057.2923, 18.204
8057.3013, 18.2162
8057.3102, 18.2285
8057.3192, 18.2407
8057.3281, 18.2529
8057.3371, 18.2651
8057.346, 18.2772
8057.355, 18.2896
8057.3639, 18.3018
8057.3729, 18.314
8057.3818, 18.3262
8057.3908, 18.3384
8057.3997, 18.3506
8057.4087, 18.3629
8057.4176, 18.3751
8057.4266, 18.3873
8057.4355, 18.3995
8057.4445, 18.4117
8057.4534, 18.4239
8057.4624, 18.4362
8057.4713, 18.4484
8057.4803, 18.4606
8057.4892, 18.4727
8057.4982, 18.4849
8057.507, 18.4973
8057.5161, 18.5095
8057.525, 18.5217
8057.534, 18.5339
8057.5429, 18.5461
8057.5518, 18.5583
8057.5608, 18.5706
8057.5697, 18.5828
8057.5787, 18.595
8057.5877, 18.6072
8057.5966, 18.6194
8057.6056, 18.6316
8057.6145, 18.6439
8057.6235, 18.6561
8057.6324, 18.6683
8057.6414, 18.6804
8057.6503, 18.6926
8057.6593, 18.7048
8057.6683, 18.7172
8057.6772, 18.7294
8057.6862, 18.7416
8057.6951, 18.7538
8057.7041, 18.766
8057.713, 18.7783
8057.722, 18.7905
8057.7309, 18.8027
8057.7399, 18.8149
8057.7488, 18.8271
8057.7578, 18.8393
8057.7667, 18.8516
8057.7757, 18.8638
8057.7846, 18.876
8057.7936, 18.8881
8057.8025, 18.9003
8057.8115, 18.9125
8057.8204, 18.9249
8057.8294, 18.9371
8057.8383, 18.9493
8057.8473, 18.9615
8057.8561, 18.9737
8057.8652, 18.9859
8057.874, 18.9982
8057.8831, 19.0104
8057.892, 19.0226
8057.901, 19.0348
8057.9099, 19.047
8057.9189, 19.0593
8057.9278, 19.0715
8057.9367, 19.0836
8057.9457, 19.0959
8057.9546, 19.1081
8057.9636, 19.1203
8057.9726, 19.1326
8057.9815, 19.1448
8057.9905, 19.157
8057.9994, 19.1692
8058.0084, 19.1814
8058.0173, 19.1936
8058.0263, 19.2059
8058.0352, 19.2181
8058.0442, 19.2303
8058.0531, 19.2425
8058.0621, 19.2547
8058.071, 19.267
8058.08, 19.2792
8058.0889, 19.2913
8058.0979, 19.3035
8058.1068, 19.3158
8058.1158, 19.328
8058.1247, 19.3403
8058.1337, 19.3525
8058.1426, 19.3647
8058.1516, 19.3769
8058.1605, 19.3891
8058.1695, 19.4013
8058.1784, 19.4136
8058.1874, 19.4258
8058.1963, 19.438
8058.2053, 19.4502
8058.2142, 19.4624
8058.2232, 19.4746
8058.2321, 19.4868
8058.2411, 19.499
8058.25, 19.5112
8058.259, 19.5234
8058.2679, 19.5356
8058.2769, 19.548
8058.2858, 19.5602
8058.2948, 19.5724
8058.3037, 19.5846
8058.3127, 19.5968
8058.3216, 19.609
8058.3306, 19.6213
8058.3395, 19.6335
8058.3485, 19.6457
8058.3574, 19.6579
8058.3664, 19.6701
8058.3753, 19.6823
8058.3843, 19.6945
8058.3932, 19.7067
8058.4022, 19.7189
8058.4111, 19.7311
8058.4201, 19.7433
8058.429, 19.7557
8058.438, 19.7679
8058.4469, 19.7801
8058.4559, 19.7923
8058.4649, 19.8045
8058.4738, 19.8167
8058.4828, 19.829
8058.4917, 19.8412
8058.5007, 19.8534
8058.5096, 19.8656
8043.8665, 19.8778
8043.8755, 19.89
8029.2324, 19.9022
